    -2.702     -1.559     -1.049     -1.511     -1.414     -1.269     -1.005     -0.782      1.000      0.000      1.000
     1.118      0.743      1.488      1.506      1.291      0.090     -0.405     -0.774      0.000      1.000      2.000
    -0.967     -1.898     -1.049     -1.511     -1.414     -1.269     -0.881     -0.555      1.000      0.000      1.000
    -0.942     -0.394     -0.442      1.506     -1.414     -0.541     -0.237     -0.244      1.000      0.000      1.000
     1.146      0.947      2.491      1.861      2.054      1.508      1.943      0.751      0.000      1.000      2.000
    -2.582     -1.559     -0.761     -1.511     -1.414     -1.269     -1.412     -1.452      1.000      0.000      1.000
    -0.997      0.296      0.166      0.205     -1.029      1.115     -0.430     -1.393      0.970      0.030      1.000
     2.005     -1.655     -0.692     -0.505     -0.401     -0.245     -1.492     -1.488      1.000      0.000      1.000
    -2.490     -0.976     -1.049     -1.511     -1.121     -0.876     -1.412     -1.452      1.000      0.000      1.000
    -2.682     -1.316     -0.761     -1.511     -1.414     -0.974     -1.105     -1.045      1.000      0.000      1.000
     0.891      0.296      1.845      0.795      0.327      0.878     -0.378      0.525      0.000      1.000      2.000
     2.470      1.190      0.561      0.832      0.370      1.508      0.737      0.676      0.000      1.000      2.000
     1.285      0.296      0.491      0.168     -0.401      0.090     -1.275     -1.089      0.690      0.310      1.000
     0.731      0.947      1.845      0.855      1.333      1.016     -0.888     -1.016      0.000      1.000      2.000
    -0.461     -0.869     -0.372     -0.505     -0.401     -0.245     -0.209     -0.862      1.000      0.000      1.000
    -3.209     -1.898     -1.049     -1.511     -1.414     -1.269     -0.788     -0.477      1.000      0.000      1.000
     0.743      0.404      1.494      0.477      0.613      1.271      0.152     -0.767      0.000      1.000      2.000
    -0.128     -0.394     -1.049     -0.445     -0.358     -0.206     -0.481     -0.911      1.000      0.000      1.000
    -0.287      1.082     -0.404      0.182      0.270      0.051      0.867      0.811      0.095      0.905      2.000
    -2.554     -0.178     -1.049     -1.511     -1.414     -1.269      0.657      1.977      1.000      0.000      1.000
    -1.957     -0.151     -1.049     -0.838     -1.414     -1.269     -1.492     -1.488      1.000      0.000      1.000
     0.833      0.188     -1.049     -1.156      0.035     -1.269     -0.888     -1.456      1.000      0.000      1.000
    -1.924     -0.881     -0.761     -1.511     -1.414     -1.269     -0.437     -1.452      1.000      0.000      1.000
    -1.904     -1.898      0.171     -1.511     -1.414     -1.269     -0.781     -1.334      1.000      0.000      1.000
     0.439      0.647      1.168      2.179      1.291      1.508      1.988      1.903      0.000      1.000      2.000
     2.411      1.637      1.596      1.529      1.919      2.435      2.884      1.047      0.000      1.000      2.000
    -1.023     -1.220     -1.049     -0.491     -1.029     -0.245     -0.394     -0.979      1.000      0.000      1.000
    -2.002     -0.965     -1.049     -0.838      0.277      0.090      0.059      0.542      1.000      0.000      1.000
     0.859      0.851      1.526      0.500      1.626      1.173      1.156      1.579      0.000      1.000      2.000
    -2.855     -1.898     -1.049     -1.511     -1.414     -1.269     -1.412     -1.488      1.000      0.000      1.000
     0.492     -0.529     -1.049      0.514     -0.015      1.016     -0.957     -0.337      0.796      0.204      1.000
     3.331      1.529      1.596      2.193      1.626      2.435      0.483      0.675      0.000      1.000      2.000
     0.094     -0.869     -1.049     -1.156     -0.786     -1.269      0.761      0.030      1.000      0.000      1.000
    -2.521     -1.898     -1.049     -1.511     -1.414     -0.934     -1.275     -1.488      1.000      0.000      1.000
     1.867      0.053      0.523      0.182      1.291      0.051     -0.166      0.127      0.000      1.000      2.000
     1.694      0.161      1.456      0.500      2.011      1.902      0.465     -0.397      0.000      1.000      2.000
     1.171      0.296      0.811      0.832     -0.065      0.425     -1.311     -1.401      0.012      0.988      2.000
    -2.818     -0.625     -0.761     -1.511     -1.414      0.051     -0.859     -0.956      1.000      0.000      1.000
     2.071      0.392      0.811     -0.519      0.613     -1.269     -1.215     -1.255      0.908      0.092      1.000
     0.218      0.053     -0.474     -0.505     -0.693     -0.245     -0.522     -0.105      1.000      0.000      1.000
    -1.876     -1.220     -1.049     -1.511     -1.414     -1.269     -1.322     -1.101      1.000      0.000      1.000
    -1.594      0.257      0.453      0.168     -0.308      0.523     -1.295     -0.899      0.984      0.016      1.000
    -2.395     -1.220     -0.154     -1.156     -1.414     -1.269     -0.800     -0.918      1.000      0.000      1.000
    -1.220     -1.898     -1.049     -1.511     -1.414     -1.269     -1.492     -1.393      1.000      0.000      1.000
    -2.688     -0.869      0.811     -0.505     -1.414     -0.541      0.304      0.670      1.000      0.000      1.000
    -1.016     -0.151     -1.049     -1.511     -1.414     -0.876     -1.393     -0.991      1.000      0.000      1.000
    -1.497     -1.112     -0.761     -0.196     -1.121     -0.482     -1.195     -0.677      1.000      0.000      1.000
    -0.155     -0.434     -0.474     -1.511      0.370     -0.541     -0.257     -0.225      1.000      0.000      1.000
    -2.020     -0.286     -0.084     -0.847     -0.736      0.051     -1.071     -1.334      1.000      0.000      1.000
    -2.899     -1.898     -0.761     -1.156     -1.414     -0.934     -1.492     -1.488      1.000      0.000      1.000
     0.755      0.053      1.845     -0.505     -0.065     -0.245      0.055      0.367      0.360      0.640      2.000
     3.188      1.433      1.883      1.529      2.347      1.804      1.287      1.059      0.000      1.000      2.000
     1.028      0.743      1.526      0.537      1.291      1.508     -0.227      0.336      0.000      1.000      2.000
    -1.966     -0.637      0.773     -1.511     -1.414     -1.269     -0.084     -0.131      1.000      0.000      1.000
    -1.866     -1.898     -1.049     -1.511     -1.414     -0.974     -1.185     -1.084      1.000      0.000      1.000
    -1.421     -0.394     -1.049     -0.445     -1.414     -1.269     -1.215     -1.440      1.000      0.000      1.000
    -1.431     -1.655     -1.049     -1.156     -0.786     -1.269     -0.897     -1.027      1.000      0.000      1.000
    -0.151     -0.178     -0.084      0.205      0.277      1.469      0.534      1.605      0.004      0.996      2.000
     0.414     -0.490     -0.116     -1.179     -0.401     -1.269     -1.492     -1.249      1.000      0.000      1.000
     0.766      1.286      0.811      1.824     -0.065      0.090     -0.118     -0.082      0.000      1.000      2.000
    -1.971      0.296     -0.474     -0.824     -1.414     -1.269     -1.252     -1.488      1.000      0.000      1.000
    -1.851     -0.637     -0.154     -0.824     -1.414     -0.541     -0.257     -0.135      1.000      0.000      1.000
     0.904     -0.055      1.200      0.551      0.520     -0.876     -1.492     -1.097      0.536      0.464      1.000
    -2.639     -1.316     -0.761     -1.511     -1.414     -0.876     -0.739     -0.975      1.000      0.000      1.000
     3.286      0.879      2.453      2.511      2.640      1.843     -1.492     -1.201      0.000      1.000      2.000
     1.907     -0.394      0.023      0.108      0.655     -0.264     -1.402      0.352      0.397      0.603      2.000
    -0.900     -0.965     -0.046     -0.482      0.563     -0.541     -0.558     -0.820      1.000      0.000      1.000
    -0.224      0.149     -0.761      0.869     -1.414      0.721     -0.012     -1.010      0.992      0.008      1.000
     2.730      0.296     -0.084      1.174      1.241      1.410      1.228      0.015      0.000      1.000      2.000
     0.085     -1.559     -0.761     -1.193     -1.414     -0.541     -1.332     -1.117      1.000      0.000      1.000
     0.739      0.296     -0.084     -0.173      0.320     -0.245     -0.002     -0.657      0.825      0.175      1.000
    -0.212      1.082      1.813      1.151      0.705      0.484     -0.465     -0.590      0.000      1.000      2.000
     0.723     -0.151      1.813      0.500      1.291      0.484     -1.492     -1.488      0.000      1.000      2.000
     2.437      0.947      1.168      1.861      1.919      1.706      0.839      2.475      0.000      1.000      2.000
    -2.612     -1.168     -1.049     -0.824     -1.029     -0.934     -1.412     -1.220      1.000      0.000      1.000
     2.329      1.433      1.851      0.869      1.626     -0.245      0.620      0.278      0.000      1.000      2.000
    -1.238     -1.072     -0.442     -1.179     -0.401     -0.934      0.071     -0.088      1.000      0.000      1.000
    -1.312      0.879      2.171     -0.173     -1.414     -0.934     -1.402     -1.488      1.000      0.000      1.000
     0.196      0.392      0.491     -0.838     -0.744     -0.541      0.056      0.265      1.000      0.000      1.000
    -1.904     -0.869      0.203     -1.156     -1.029     -0.934     -1.332     -0.983      1.000      0.000      1.000
    -0.568     -0.733     -0.084     -0.505     -0.108     -0.580     -0.345     -0.327      1.000      0.000      1.000
     0.314     -0.286     -0.116     -0.468     -0.401      0.130     -1.105     -0.227      0.999      0.001      1.000
     0.175      0.635      1.168      1.861     -0.065     -0.934     -1.231     -1.339      0.068      0.932      2.000
     2.932      0.296      1.845      1.506      1.626      1.804     -0.526     -0.506      0.000      1.000      2.000
     0.021     -0.151     -0.442      1.506      1.291      0.130     -0.682     -0.862      0.006      0.994      2.000
     0.466      0.460     -1.049     -0.210     -1.079     -0.934     -1.252     -1.488      1.000      0.000      1.000
     0.633      0.065      0.881      0.168     -0.065      0.779      1.201     -0.356      0.007      0.993      2.000
     0.692     -0.637     -1.049      1.824     -1.029     -0.264     -1.492     -1.488      0.999      0.001      1.000
     3.724      2.220      2.095      2.511      2.640      2.828     -1.284     -1.488      0.000      1.000      2.000
     1.144     -0.394     -0.761     -1.511     -0.786     -0.599     -1.007     -1.137      1.000      0.000      1.000
    -1.631     -1.316     -0.084      1.188     -0.401      0.130     -1.492     -1.488      1.000      0.000      1.000
     0.157     -0.394      0.166     -1.193      0.135     -0.599     -1.013     -1.127      1.000      0.000      1.000
     2.075      1.529      0.236      2.156      1.483      1.764      0.638     -0.217      0.000      1.000      2.000
     1.193     -0.286     -0.154     -0.505     -0.065      0.484     -1.131     -1.249      0.977      0.023      1.000
     0.916      0.149      2.810      1.174      0.905      1.706     -0.678     -1.409      0.000      1.000      2.000
    -3.252     -1.898     -1.049     -1.511     -1.414     -1.269     -1.412     -1.488      1.000      0.000      1.000
    -0.088      1.055      1.558     -0.164      1.919      0.838      0.789     -0.189      0.000      1.000      2.000
     1.213      1.190      0.236      1.506      1.626      1.606     -0.190      0.522      0.000      1.000      2.000
     1.462      1.733     -0.084      1.506      1.961      0.819     -0.868     -0.754      0.000      1.000      2.000
     1.202      0.392     -0.442      1.188      0.998      0.090     -1.492     -1.182      0.003      0.997      2.000
    -0.229     -0.869     -0.084     -0.505     -1.029     -0.245     -0.117     -0.516      1.000      0.000      1.000
    -2.315     -0.976     -0.761     -1.511     -1.414     -0.934     -1.313     -1.014      1.000      0.000      1.000
    -3.252     -1.898     -1.049     -1.511     -1.414     -1.269     -0.993     -1.377      1.000      0.000      1.000
    -1.753     -1.112     -1.049     -1.511     -1.029     -1.269     -1.085     -1.168      1.000      0.000      1.000
     0.889      0.053      1.494      0.832      0.613     -0.245      0.114     -0.007      0.001      0.999      2.000
    -1.766     -1.655     -1.049     -1.511     -1.414     -0.541     -0.782     -0.469      1.000      0.000      1.000
     0.660      0.947      1.488      1.838      0.948      2.100     -0.526     -0.290      0.000      1.000      2.000
    -3.165     -1.559     -1.049     -1.511     -1.414     -1.269     -1.332     -1.488      1.000      0.000      1.000
    -2.040     -1.072     -1.049     -0.861     -1.414     -0.599     -0.568     -0.819      1.000      0.000      1.000
     2.632      1.490      0.236      1.211      2.347      1.115      2.757      1.614      0.000      1.000      2.000
    -0.192      0.053     -0.084     -0.505      0.320     -0.147     -0.154      0.094      0.987      0.013      1.000
    -1.329      0.296      0.811      1.188     -1.079      0.090     -0.905     -1.488      0.981      0.019      1.000
    -3.036     -1.898     -1.049     -1.511     -1.414     -1.269     -1.077     -1.488      1.000      0.000      1.000
     0.542      0.053      0.849      0.537     -0.401      0.878     -0.078      0.273      0.012      0.988      2.000
    -2.981     -1.898     -1.049     -1.511     -1.414     -1.269     -1.492     -1.488      1.000      0.000      1.000
     1.061      1.043      0.811      1.492      0.327      1.271     -0.155     -1.253      0.000      1.000      2.000
     1.124      0.743      0.881      1.483     -1.079      0.090     -0.134     -1.089      0.016      0.984      2.000
     1.132      1.082      0.881      1.188      1.291      1.154      0.079     -0.398      0.000      1.000      2.000
     3.027      1.190      1.845      1.506      1.626      1.804     -1.412     -1.178      0.000      1.000      2.000
     2.075      0.839     -0.122      2.511      1.626      0.130     -1.195     -1.371      0.000      1.000      2.000
    -0.096     -0.151     -0.442     -0.861     -1.079     -1.269     -1.007     -1.062      1.000      0.000      1.000
     1.148     -0.286      0.625     -0.468      2.640      0.405      1.212      1.644      0.000      1.000      2.000
    -1.454     -0.869     -0.084     -0.150     -0.401     -0.541      1.353      1.963      1.000      0.000      1.000
     1.643      0.743      0.881      0.869      1.333      0.484     -1.089     -1.154      0.000      1.000      2.000
     0.950      0.635      0.849      0.477      0.905      0.130     -1.412     -1.366      0.002      0.998      2.000
     1.826      0.296      1.845      0.205      1.626      0.425     -0.677     -0.806      0.000      1.000      2.000
    -2.445     -1.559     -1.049     -1.179     -1.414     -0.934     -1.393     -1.335      1.000      0.000      1.000
     0.520     -0.529     -0.084     -0.505      0.320      0.051     -0.195     -0.307      0.988      0.012      1.000
    -0.185      0.296      0.236      0.500     -1.414      0.031     -1.252     -0.891      0.999      0.001      1.000
     3.292      1.433      1.168      2.511      1.626      1.450      1.561      1.790      0.000      1.000      2.000
    -1.936     -1.559     -1.049     -1.511     -1.414     -1.269     -0.694     -1.318      1.000      0.000      1.000
     0.358     -0.190     -1.049      0.196     -1.414     -1.269      0.980      2.072      1.000      0.000      1.000
    -2.554     -1.898     -0.122     -1.156     -1.414     -1.269     -1.322     -1.488      1.000      0.000      1.000
     0.656      0.635     -0.084      1.188     -1.414     -0.541     -0.810     -1.050      0.992      0.008      1.000
     0.637      0.839      0.561      1.506      0.998      1.508     -0.419     -0.440      0.000      1.000      2.000
    -2.206     -0.869     -0.084     -0.505     -0.401     -0.245     -1.238     -1.393      1.000      0.000      1.000
    -2.373     -1.655     -1.049     -1.511     -1.414     -1.269     -0.112     -0.119      1.000      0.000      1.000
    -3.209     -1.898     -1.049     -1.511     -1.414     -1.269     -1.492     -1.488      1.000      0.000      1.000
     2.195      2.220      1.418      1.861      1.041      1.606     -1.252     -1.249      0.000      1.000      2.000
     0.727      0.743      0.198      0.855      1.333      0.779      2.649      1.944      0.000      1.000      2.000
     0.173      0.500      0.881     -0.187      0.955      2.139     -0.202      0.412      0.000      1.000      2.000
    -0.706     -0.637     -0.084     -0.136      0.320     -1.269     -1.016     -0.595      1.000      0.000      1.000
     0.149     -0.190      2.133      0.869      0.705      0.051     -0.409     -0.513      0.001      0.999      2.000
     1.063      1.190      2.133      1.506      2.011      1.804     -0.627     -0.513      0.000      1.000      2.000
    -3.209     -1.898     -0.474     -1.511     -1.414     -1.269     -1.115     -1.371      1.000      0.000      1.000
    -2.079     -0.637     -0.474     -1.156     -1.414     -0.934     -1.412     -1.213      1.000      0.000      1.000
    -2.710     -0.637     -1.049     -1.511     -1.414     -1.269     -0.750     -0.967      1.000      0.000      1.000
     0.584      0.161      1.526      0.500      0.905      0.779     -0.450      0.271      0.000      1.000      2.000
    -1.757      0.149      0.023     -1.156     -0.744     -0.088      0.548      0.583      1.000      0.000      1.000
    -2.907     -1.898     -1.049     -1.511     -1.414     -1.269     -1.492     -1.144      1.000      0.000      1.000
     0.558      0.296     -0.154      0.205     -0.065     -0.147      0.806      0.272      0.614      0.386      1.000
     1.323      0.296     -1.049      0.551      1.626      0.917     -0.438      0.047      0.000      1.000      2.000
    -0.208      1.433      1.488      0.869      1.041      1.469      1.592      0.840      0.000      1.000      2.000
     0.617      0.500      0.881      0.855      1.626      0.779     -1.252     -1.488      0.000      1.000      2.000
     3.724      2.220      0.881      2.511      2.640      2.828      3.339      4.365      0.000      1.000      2.000
     0.644      0.947      0.811      1.174      1.241      1.508      0.361      1.663      0.000      1.000      2.000
     0.236     -0.733     -1.049     -0.164     -0.158     -0.599     -0.507      0.050      1.000      0.000      1.000
     2.899      1.773      1.526      2.193      1.961      2.158      0.030     -1.440      0.000      1.000      2.000
     3.630      2.220      2.810      2.511      2.640      2.828      3.158      3.887      0.000      1.000      2.000
     2.068      1.637      1.238      0.832      1.626      1.115      0.691      0.302      0.000      1.000      2.000
     3.105      2.220      2.133      0.182      2.640      2.139     -0.637     -0.863      0.000      1.000      2.000
     0.212     -0.976      1.206     -1.156      0.320     -0.541     -0.721     -0.352      1.000      0.000      1.000
    -2.540     -1.655     -1.049     -1.511     -1.414     -1.269     -0.810     -0.468      1.000      0.000      1.000
     1.926      1.733      1.776      1.861      1.626      1.902      1.270      1.271      0.000      1.000      2.000
     2.752      1.286      0.555      1.824      1.426     -0.264      1.990      0.770      0.000      1.000      2.000
     2.443     -0.190      1.206     -0.113      1.626      0.425     -0.773     -0.880      0.000      1.000      2.000
     0.766      0.704      0.236      0.205      0.705     -0.541      2.060      2.299      0.002      0.998      2.000
     2.241      0.947      1.200      1.506      1.241      0.838      2.048      2.502      0.000      1.000      2.000
     3.724      2.220      2.810      2.511      2.640      2.828     -0.526     -0.529      0.000      1.000      2.000
     0.949      1.529      0.561      1.847      0.948      2.198      2.446      1.642      0.000      1.000      2.000
     2.490      1.190      1.270      1.506      1.626      1.804     -0.490     -0.459      0.000      1.000      2.000
     2.154      0.365      1.915      1.543      2.011      1.469      2.078      2.940      0.000      1.000      2.000
     0.701      0.743     -1.049      0.537      1.626     -0.088     -1.073     -1.170      0.015      0.985      2.000
    -0.733     -0.082     -0.084     -0.505     -0.401     -0.639     -0.329      0.038      1.000      0.000      1.000
    -1.831     -0.082     -1.049     -1.193     -0.786     -0.934      2.373      2.748      1.000      0.000      1.000
     3.518      2.220      1.456      2.511      2.011      2.828      3.140      3.989      0.000      1.000      2.000
     1.566      0.704     -0.084      1.151      0.948      0.543      1.140      1.409      0.000      1.000      2.000
     0.818      1.190      0.491      1.543      0.705      1.508      1.604      2.142      0.000      1.000      2.000
     2.820      1.637      1.558      2.193      2.254      1.173      1.931      0.780      0.000      1.000      2.000
     0.202     -0.043     -1.049     -0.824     -0.108     -0.541      1.079      1.506      1.000      0.000      1.000
    -1.737     -1.004     -1.049     -1.511     -1.414     -1.269      2.502      2.513      1.000      0.000      1.000
     0.857      0.947      0.555      1.506     -0.065      0.721      2.648      2.466      0.000      1.000      2.000
     2.154     -0.733     -1.049     -0.801     -0.493     -1.269     -0.436     -1.058      1.000      0.000      1.000
    -1.268     -0.541     -1.049     -1.511     -1.414     -1.269      3.339      4.270      1.000      0.000      1.000
     2.085      1.190      0.849      0.514      0.948      0.779     -1.295     -0.912      0.000      1.000      2.000
    -3.079     -1.898     -1.049     -1.511     -1.414     -1.269     -1.194     -1.393      1.000      0.000      1.000
     2.215      1.529      2.133      2.156      1.626      2.533      2.198      1.554      0.000      1.000      2.000
     0.108     -0.190     -1.049     -0.482      0.320      0.444      0.161      0.480      0.980      0.020      1.000
     0.236     -0.286      0.881      0.500      0.613      0.386      0.620      0.755      0.004      0.996      2.000
    -1.770      0.404      0.631      0.832      1.283      2.139      1.304      0.996      0.000      1.000      2.000
     3.724      2.220      2.095      2.511      2.640      1.567      2.753      2.561      0.000      1.000      2.000
     2.820      1.190      1.845      1.506      1.919      1.508      1.260      2.008      0.000      1.000      2.000
    -2.993     -1.898     -1.049     -1.511     -1.414     -1.269     -1.135     -1.488      1.000      0.000      1.000
     1.185     -0.190      0.491      0.795     -0.108      0.425      0.479      0.210      0.010      0.990      2.000
     1.814      0.257      0.230      0.159      1.041      1.429      2.615      3.721      0.000      1.000      2.000
     3.724      2.220      1.450      2.193      2.640      1.606      2.706      3.387      0.000      1.000      2.000
     0.189      0.296     -0.084     -0.150     -0.015      0.149      0.631      0.071      0.752      0.248      1.000
     0.658      1.976      0.198      0.131     -0.358      0.878      1.235      0.920      0.000      1.000      2.000
     1.211      1.880      1.813      2.193      1.533      2.493      2.057      1.148      0.000      1.000      2.000
     3.535      1.529      1.418      0.832      1.333      0.838      2.659      3.813      0.000      1.000      2.000
     0.354      0.296     -0.761     -0.491     -1.414      0.367     -0.631     -0.095      1.000      0.000      1.000
    -2.118     -0.869     -0.084     -0.505     -0.401     -0.245     -0.138     -0.477      1.000      0.000      1.000
     0.957      1.190     -0.186      1.506      1.041     -0.541      1.452      2.975      0.000      1.000      2.000
     3.325      1.082      2.133      2.179      2.254      1.902      0.888     -0.537      0.000      1.000      2.000
    -0.822      0.296     -0.404      0.500     -0.401      0.484     -0.751     -1.234      0.978      0.022      1.000
     0.674      0.839      0.485      0.841     -0.401      0.543      2.126      1.498      0.000      1.000      2.000
    -1.372     -0.625     -0.761     -0.824     -1.414     -0.876      2.027      1.709      1.000      0.000      1.000
    -0.177      1.773      1.130      2.156     -1.414      0.760     -0.730     -0.894      0.000      1.000      2.000
     2.867      1.733      0.811      1.543      1.291      0.878      3.339      3.756      0.000      1.000      2.000
     1.179      1.190      1.168      0.477      0.185      0.819      1.513      1.895      0.000      1.000      2.000
    -3.252     -1.898     -1.049     -1.511     -1.414     -1.269     -0.366     -0.513      1.000      0.000      1.000
    -1.085     -0.529      0.203     -0.505     -0.401     -0.245      1.216      1.537      1.000      0.000      1.000
     2.850      1.094      0.203     -0.482      0.955      1.567      0.671     -0.367      0.000      1.000      2.000
     2.154      1.190      1.130      1.188      1.626      1.410     -0.185     -0.513      0.000      1.000      2.000
     3.724      1.773      2.165      1.861      2.640      2.828      1.684      1.590      0.000      1.000      2.000
     3.105      2.220     -0.084      1.202      2.640      0.760      0.994     -0.915      0.000      1.000      2.000
     0.230      1.637      1.851      1.861      1.919      1.804      1.222      0.676      0.000      1.000      2.000
     1.071      1.637     -0.084      1.875      0.905      0.425      2.866      2.138      0.000      1.000      2.000
    -0.291     -0.529     -0.474     -0.824     -1.079     -0.934      0.895      0.648      1.000      0.000      1.000
     2.174      1.190      1.845      1.506      1.626      1.804      1.477      0.686      0.000      1.000      2.000
     2.520      2.220      0.236      1.174      2.054      1.804     -0.121     -0.342      0.000      1.000      2.000
     0.140      0.053     -0.084      0.486     -0.015     -0.245      0.186     -0.273      0.881      0.119      1.000
    -1.073      0.851      0.517     -0.468     -0.015      0.543     -0.264     -0.929      0.781      0.219      1.000
    -0.795      0.432      2.491      0.219     -0.058      0.799     -1.039     -1.488      0.008      0.992      2.000
     3.518      1.976      0.881      1.506      2.640      1.508      3.105      4.231      0.000      1.000      2.000
    -0.668     -0.625     -0.761     -0.505     -0.401     -0.245      0.390      0.732      1.000      0.000      1.000
     1.167      0.432     -0.154      2.156      0.905      0.465      0.403     -0.919      0.000      1.000      2.000
    -3.252     -1.898     -1.049     -1.511     -1.414     -1.269     -1.492     -1.371      1.000      0.000      1.000
     1.419      0.500      1.200      1.188      1.333      1.075      0.641      0.433      0.000      1.000      2.000
     2.565      1.190     -0.122      1.188     -0.015      0.819      2.815      3.478      0.000      1.000      2.000
     1.455      1.082      1.494     -0.150     -0.015      0.779     -0.292      0.270      0.000      1.000      2.000
    -0.375      1.190      0.811     -0.505     -0.108      1.528      1.895      2.161      0.000      1.000      2.000
    -1.452     -1.559     -1.049     -1.511     -1.414     -1.269     -0.180     -1.452      1.000      0.000      1.000
     3.724      1.976      1.488      1.506      2.640      1.567      2.985      2.870      0.000      1.000      2.000
     3.329      1.190      2.810      2.511      1.961      2.493      2.424      1.107      0.000      1.000      2.000
     0.827      1.529      0.811      1.861      0.948      1.213      2.488      2.933      0.000      1.000      2.000
     0.551      0.704      1.488      0.514      0.955      1.804      1.072      2.439      0.000      1.000      2.000
     2.347      1.529     -1.049      1.506      1.626      1.804      3.339      4.270      0.000      1.000      2.000
     1.692      1.286      0.631     -0.482      1.291      1.410     -0.432     -0.284      0.000      1.000      2.000
    -1.667      0.053     -0.122     -1.179     -1.414     -0.876     -0.522     -1.080      1.000      0.000      1.000
    -0.434     -0.286      0.523     -0.173     -0.693      0.188      0.410      0.104      0.995      0.005      1.000
     0.708     -1.898     -1.049     -0.801     -1.414     -0.599      2.886      3.814      1.000      0.000      1.000
    -2.554     -0.869     -0.084     -0.505     -0.401     -0.245      0.421     -0.402      1.000      0.000      1.000
     1.972      1.286      1.808      1.151      1.919      1.863      2.256      1.381      0.000      1.000      2.000
    -0.686     -0.869     -0.084     -0.505     -0.401      0.543      3.131      3.552      0.940      0.060      1.000
    -1.540     -0.190      1.130     -0.505     -0.401     -0.245      2.395      4.213      0.931      0.069      1.000
     3.724      2.220      2.491      2.193      2.640      1.804      2.544      2.834      0.000      1.000      2.000
    -2.338     -1.559     -1.049     -1.511     -1.414     -1.269      1.387      1.161      1.000      0.000      1.000
    -2.554     -1.898      0.230     -0.505     -0.736     -0.245      3.339      4.365      1.000      0.000      1.000
    -3.252     -1.559     -1.049     -1.511     -1.414     -1.269      2.510      2.950      1.000      0.000      1.000
     3.074      1.394      1.531      1.861      0.905      2.198      0.162     -0.526      0.000      1.000      2.000
     1.284      1.190     -0.729      1.506      0.370      1.508      2.530      2.056      0.000      1.000      2.000
     0.480      1.190     -0.084     -0.505     -0.065     -0.245      1.516      1.909      0.208      0.792      2.000
     1.675      1.190      1.845      1.506      1.626      1.804      1.665      1.261      0.000      1.000      2.000
     1.118      0.296      1.418      0.878      1.333      1.804      1.626      2.020      0.000      1.000      2.000
     2.826      1.773      1.238      2.193      1.919      2.435      2.661      2.408      0.000      1.000      2.000
    -1.668     -0.869     -0.084     -0.505     -0.401     -0.245      0.578      0.582      1.000      0.000      1.000
     0.096      0.986     -0.084      0.551      0.955      0.188      1.718      1.026      0.000      1.000      2.000
     0.455      1.190      0.523      0.205      1.626      0.878      0.249     -0.337      0.000      1.000      2.000
     2.272      1.529      2.133      1.174      1.626      1.508      2.658      2.964      0.000      1.000      2.000
     0.908     -1.559      0.273     -0.519     -1.121     -0.541     -0.611     -0.185      1.000      0.000      1.000
     0.357     -1.112     -0.410     -1.156      1.333      0.247      0.429     -0.748      0.990      0.010      1.000
     0.236      0.500      1.526      1.174      1.241      1.804      3.122      3.842      0.000      1.000      2.000
     0.918      0.500      0.203      0.500      0.227      0.149      1.259      2.468      0.001      0.999      2.000
     0.650      0.013     -0.410     -0.801      1.041      0.582     -0.342     -0.640      0.432      0.568      2.000
     2.329      1.190      1.845      1.506      1.626      1.804      2.074      3.094      0.000      1.000      2.000
     2.005      1.190      1.168      1.506      1.626      1.173      1.487      2.281      0.000      1.000      2.000
     2.091      0.500      1.526      0.500      1.626      1.173      0.856      2.205      0.000      1.000      2.000
     0.593      2.220     -1.049      2.511      0.998      1.646      3.140      3.997      0.000      1.000      2.000
     1.773      1.190      0.555      0.869      0.955      1.213      1.784      1.762      0.000      1.000      2.000
    -0.473      0.092     -1.049      0.514     -1.414     -1.269     -1.058     -1.038      1.000      0.000      1.000
    -3.252     -1.898     -1.049     -1.511     -1.414     -1.269      3.339      4.031      1.000      0.000      1.000
     2.769      1.637      1.915      0.818      1.626      1.469      0.044     -0.012      0.000      1.000      2.000
    -0.599      1.433     -0.186     -1.511     -1.414     -0.264      0.147      0.138      1.000      0.000      1.000
    -1.431      0.539      0.523     -1.511     -0.065      0.425      1.254      0.926      0.988      0.012      1.000
    -2.933     -1.112     -0.404     -1.511     -1.414     -0.541      0.715      1.534      1.000      0.000      1.000
     1.289      2.220     -0.729      0.537      1.291      0.543      3.158      3.403      0.000      1.000      2.000
     1.977      1.286     -0.084      0.537      1.626      1.508      3.169      3.841      0.000      1.000      2.000
     0.527      0.161      0.236      1.151      0.663      1.410      0.398      0.921      0.000      1.000      2.000
     3.027      1.286     -0.761     -0.150      2.640      0.976     -1.140     -1.200      0.000      1.000      2.000
     3.724      2.220      2.810      2.511      2.640      2.828      3.339      4.031      0.000      1.000      2.000
     0.236      0.161      0.203     -0.173      0.277      0.051      1.198      1.434      0.201      0.799      2.000
     3.325      0.947      0.881      2.156      1.961      2.435      3.249      3.983      0.000      1.000      2.000
     3.424      1.976      1.845      2.511      2.640      2.493      2.167      4.024      0.000      1.000      2.000
     2.423      1.773      1.494      0.205      0.998      0.149      2.994      3.133      0.000      1.000      2.000
    -0.320     -0.869     -0.084     -0.505     -0.401     -0.245     -0.246      0.292      1.000      0.000      1.000
     0.934      1.190      1.845      1.506      1.626      1.804      2.553      3.529      0.000      1.000      2.000
     0.693      0.743      0.523      1.174      0.998      0.484      2.450      2.425      0.000      1.000      2.000
    -0.745      0.635      0.236      0.182     -1.079     -0.541     -0.483     -0.500      1.000      0.000      1.000
    -0.347      0.296     -0.084      0.855      0.320     -0.147      1.478      2.352      0.022      0.978      2.000
     2.867      1.529      0.849      2.193      1.376      1.804      2.849      3.761      0.000      1.000      2.000
     2.671      1.190      0.881      1.151      1.333      1.508      0.184      1.438      0.000      1.000      2.000
     2.266      1.190      2.133      1.506      1.626      1.508      0.894      0.811      0.000      1.000      2.000
     1.905      1.190      0.273     -0.482      1.333      1.115     -0.451     -0.104      0.000      1.000      2.000
     1.549     -0.178     -0.404     -0.824     -0.693      0.425      2.545      1.856      0.840      0.160      1.000
     0.572      1.733     -0.442      0.906     -0.786      1.311      3.339      2.931      0.000      1.000      2.000
    -0.819     -1.316     -0.761     -1.511     -1.079     -1.269     -0.431     -0.466      1.000      0.000      1.000
    -0.924     -0.529     -1.049     -0.505      0.320     -0.541      2.206      2.841      0.999      0.001      1.000
     1.268      1.190      1.200      0.205      0.563     -0.245     -0.329     -0.513      0.001      0.999      2.000
     1.282     -0.422     -0.046      1.174      0.955     -0.343      1.659      1.878      0.001      0.999      2.000
     2.362      1.082      0.918      0.841      0.905      0.779     -0.987     -0.876      0.000      1.000      2.000
    -1.341      0.025     -0.084      0.855     -1.029      0.523     -0.246     -0.003      0.989      0.011      1.000
    -0.664     -0.529     -1.049     -1.511     -1.121     -0.876     -1.332     -0.978      1.000      0.000      1.000
     2.458      1.733     -1.049     -0.238      1.961     -1.269      3.339      2.647      0.000      1.000      2.000
     2.313      0.743     -0.154      1.188     -0.151      0.465     -0.968     -0.412      0.000      1.000      2.000
     3.217      1.082      0.811      0.855      1.961      1.352      2.738      3.602      0.000      1.000      2.000
     0.349      0.296      0.561     -0.505     -0.015      1.056      0.071     -0.319      0.082      0.918      2.000
    -0.136     -0.829     -1.049     -1.179     -1.414     -1.269     -1.492     -1.371      1.000      0.000      1.000
     2.386      0.743      0.203      1.151      1.626      0.721      0.054     -0.248      0.000      1.000      2.000
     2.875      0.947     -1.049      2.511      1.719      1.706     -0.578     -0.713      0.000      1.000      2.000
    -0.701     -0.314     -0.186      0.523     -1.414     -1.269     -1.492     -1.223      1.000      0.000      1.000
     1.010      1.976     -1.049      2.156     -0.201      0.484     -1.127     -0.838      0.000      1.000      2.000
     0.055     -0.625      0.523     -0.505     -0.443     -0.206     -0.824     -1.345      1.000      0.000      1.000
    -0.354     -0.286     -0.761     -0.505     -1.121     -0.876     -0.720     -1.100      1.000      0.000      1.000
    -1.450     -0.178     -1.049      0.832     -0.401     -0.245      0.484     -0.121      1.000      0.000      1.000
     0.234     -0.326     -1.049     -1.511     -0.401     -0.147      0.952      0.682      1.000      0.000      1.000
     3.424      1.326     -0.410      1.838      1.626      1.213     -1.293     -0.639      0.000      1.000      2.000
    -1.861     -1.316     -1.049     -0.824     -1.414     -0.934     -0.990     -1.151      1.000      0.000      1.000
    -1.480     -1.898     -1.049     -1.511     -0.786     -1.269     -0.693     -1.149      1.000      0.000      1.000
    -0.031      0.500     -0.084     -0.505      0.998     -0.245     -0.923     -0.393      0.816      0.184      1.000
    -1.149     -0.869     -1.049     -1.156     -1.079     -0.599      0.247     -0.384      1.000      0.000      1.000
    -0.617      0.296     -0.474     -0.838     -0.401     -0.304     -0.261     -0.983      1.000      0.000      1.000
    -0.463      0.743     -0.084      0.514     -0.108      1.016      0.328     -0.060      0.016      0.984      2.000
    -0.942     -0.394     -1.049     -1.511     -0.401     -1.269     -0.899     -1.334      1.000      0.000      1.000
    -0.389      0.065     -0.761     -0.824     -0.108     -0.934      0.105     -0.053      1.000      0.000      1.000
    -0.324     -1.412     -0.084     -1.511     -0.493     -1.269     -0.560     -0.795      1.000      0.000      1.000
    -2.087     -1.316     -1.049     -1.193     -1.414     -0.541     -1.207     -1.069      1.000      0.000      1.000
    -0.327     -0.869      0.203      0.500     -0.401      0.681     -1.252     -1.488      0.992      0.008      1.000
    -0.837     -0.286     -0.474      0.168     -0.401     -0.541      0.276      0.409      1.000      0.000      1.000
    -0.845      0.743     -0.442      0.500     -0.401     -0.541     -0.620     -1.158      0.998      0.002      1.000
     1.468      0.296     -1.049      1.188      0.613     -0.541     -1.202     -1.012      0.321      0.679      2.000
     1.064      0.296      0.273     -0.150     -0.108      0.484      0.104      0.676      0.087      0.913      2.000
     1.211      0.500      1.628      1.151      1.626      1.508      1.426      1.421      0.000      1.000      2.000
     1.476     -0.625     -0.761      0.869     -0.015     -0.047     -0.460      0.067      0.815      0.185      1.000
     0.216      0.296      0.773      1.483     -0.401      0.523      0.147      0.369      0.002      0.998      2.000
     0.462      0.635      1.130      0.869     -0.693     -0.934     -0.496     -1.228      0.881      0.119      1.000
    -0.603     -1.168     -1.049     -1.511     -1.414     -1.269     -1.412     -1.181      1.000      0.000      1.000
    -2.366     -1.655     -1.049     -1.511     -1.414     -1.269     -1.412     -1.416      1.000      0.000      1.000
    -0.415      1.326      0.453     -0.505      0.520     -0.206      0.078      0.147      0.220      0.780      2.000
     0.916      0.743     -0.084     -0.519      1.626      0.641     -0.565     -0.574      0.001      0.999      2.000
     0.332      0.188     -1.049     -0.173      0.370      1.036      2.555      2.270      0.009      0.991      2.000
     1.405      0.704      0.491      0.463      0.613      0.819      1.103      2.000      0.000      1.000      2.000
    -2.535     -1.655     -0.761     -1.156     -1.029     -1.269     -0.761     -0.794      1.000      0.000      1.000
    -1.002     -0.529     -0.729     -0.801     -0.736     -1.269      0.238     -0.283      1.000      0.000      1.000
    -0.828     -0.151     -0.084      0.145     -1.029     -1.269     -1.412     -1.488      1.000      0.000      1.000
    -0.655      0.500     -0.442     -1.511     -0.443     -0.876     -1.332     -1.174      1.000      0.000      1.000
    -1.546      0.986     -0.442      1.114     -1.414     -0.876     -1.412     -1.345      1.000      0.000      1.000
    -0.428     -0.529     -0.122     -1.156     -1.029     -0.876     -0.947     -0.866      1.000      0.000      1.000
     0.509      2.220     -1.049      0.832      1.248      2.139      1.590      1.613      0.000      1.000      2.000
     1.448      0.743      1.845      1.506      1.291      0.386     -0.329     -0.188      0.000      1.000      2.000
    -2.309     -1.655     -1.049     -0.528     -1.121     -1.269     -1.332     -1.230      1.000      0.000      1.000
    -0.158      0.296     -0.761      0.191     -0.736     -0.264     -1.005      0.442      1.000      0.000      1.000
    -2.097     -0.829     -1.049     -1.179     -1.414     -1.269     -1.492     -1.488      1.000      0.000      1.000
     2.195     -0.637     -1.049     -0.838     -0.401     -0.934     -0.574     -0.874      1.000      0.000      1.000
    -1.878      0.596     -0.474     -1.156     -0.065     -0.541     -0.285     -0.201      1.000      0.000      1.000
    -0.705     -1.655     -1.049     -1.156     -1.029     -1.269     -1.207     -1.164      1.000      0.000      1.000
    -2.086     -1.072     -1.049     -1.511     -1.414     -1.269     -0.592     -0.911      1.000      0.000      1.000
    -3.252     -1.898     -1.049     -1.511     -1.414     -0.876     -0.483     -0.307      1.000      0.000      1.000
    -3.252     -1.898     -1.049     -1.511     -1.414     -1.269     -1.332     -1.488      1.000      0.000      1.000
    -0.580     -0.286      0.203     -1.511     -1.079     -0.639     -0.739     -0.845      1.000      0.000      1.000
    -1.455      0.053     -1.049     -0.505     -1.414     -0.876      0.284      0.182      1.000      0.000      1.000
    -3.110     -1.655     -0.761     -1.511     -1.414     -1.269     -1.412     -1.488      1.000      0.000      1.000
    -1.387     -0.394     -0.761     -0.824     -1.414     -0.876     -1.195     -1.201      1.000      0.000      1.000
    -1.268     -1.559     -0.474     -0.875     -1.414     -1.269     -1.185     -1.212      1.000      0.000      1.000
     1.045      0.743     -0.334      0.205      0.185     -0.264     -0.449     -0.065      0.365      0.635      2.000
     2.328      0.392      0.203      1.824      1.961     -0.206     -0.175      0.225      0.000      1.000      2.000
    -2.895     -1.898     -1.049     -1.511     -1.414     -1.269     -1.275     -1.488      1.000      0.000      1.000
    -0.428     -1.072     -0.761     -1.511     -1.414      0.149     -1.138     -0.514      1.000      0.000      1.000
    -2.098     -1.112     -1.049     -0.505     -1.414     -1.269     -0.720     -0.799      1.000      0.000      1.000
    -1.866      0.025     -1.049     -1.156     -1.414     -1.269     -1.220     -1.440      1.000      0.000      1.000
     3.080      1.190     -0.729      0.832      0.613      1.213     -0.023     -0.392      0.000      1.000      2.000
     0.342      0.173      0.523      0.168      0.905      1.115      0.636      1.924      0.000      1.000      2.000
     0.246      0.296     -0.084      0.145     -0.065     -0.245     -0.782     -0.513      0.968      0.032      1.000
    -2.240     -1.112     -1.049     -1.511     -1.414     -1.269     -1.185     -0.961      1.000      0.000      1.000
     1.004      0.161      0.561      0.855      0.905      0.386      0.065      0.162      0.000      1.000      2.000
    -2.810     -1.316     -1.049     -1.511     -1.414     -1.269     -1.275     -0.880      1.000      0.000      1.000
     2.010      1.043      0.811      0.818      1.041      1.115     -1.393     -0.122      0.000      1.000      2.000
     0.701      0.947      2.491      1.188     -0.401      0.721     -0.646     -0.524      0.000      1.000      2.000
    -2.409     -1.451     -0.761     -1.179     -1.029     -0.876     -0.198      0.360      1.000      0.000      1.000
     1.517     -1.220     -1.049     -1.511     -1.079     -0.264     -0.476     -1.121      1.000      0.000      1.000
     0.318     -0.829     -1.049     -1.511     -1.414     -1.269     -1.252     -1.488      1.000      0.000      1.000
    -0.847     -1.168     -1.049     -1.511     -1.414     -1.269     -1.252     -1.054      1.000      0.000      1.000
    -0.930     -0.434     -1.049     -0.445     -0.829     -0.876     -0.996     -1.053      1.000      0.000      1.000
    -1.454     -0.490      0.529     -1.511     -1.414     -0.974     -1.492     -1.323      1.000      0.000      1.000
    -0.965      0.539     -1.049      0.196      1.291      0.721      1.080      1.386      0.007      0.993      2.000
     2.325      0.743     -1.049      1.188      0.520     -0.264     -0.477     -0.722      0.005      0.995      2.000
     0.896      1.529     -1.049      1.202      0.227      1.469     -1.058     -1.174      0.000      1.000      2.000
     0.639      0.296      0.203     -0.187      0.613     -0.284     -1.010     -1.333      0.816      0.184      1.000
    -2.938     -1.655     -1.049     -1.511     -1.414     -1.269     -0.510     -0.878      1.000      0.000      1.000
     1.350      0.851     -0.084     -0.505      1.584      1.213      2.898      3.733      0.000      1.000      2.000
    -3.067     -1.898     -1.049     -1.511     -1.414     -1.269     -1.172     -1.456      1.000      0.000      1.000
    -1.745      0.296      0.517      1.506      1.626      0.523     -1.025     -1.186      0.000      1.000      2.000
    -1.575     -0.586     -1.049     -1.179     -1.414     -1.269     -1.172     -1.041      1.000      0.000      1.000
    -0.419      1.433     -0.729     -0.173     -1.079     -0.541     -0.131     -0.837      1.000      0.000      1.000
     1.760     -0.637      0.166     -1.156     -0.693     -0.541     -0.810     -1.201      1.000      0.000      1.000
     1.238     -0.082      2.133     -0.150      0.998      1.173      0.867      0.861      0.000      1.000      2.000
    -0.896      0.539     -0.404      0.182     -0.693     -0.482      0.327      0.468      0.999      0.001      1.000
     1.741      0.257     -0.442      1.824      0.655      0.543      2.966      3.448      0.000      1.000      2.000
    -1.955     -1.898     -1.049     -1.511     -1.414     -1.269     -1.492     -1.377      1.000      0.000      1.000
    -2.063     -1.559     -1.049     -1.511     -1.414     -1.269     -0.751     -1.180      1.000      0.000      1.000
    -2.173     -0.529     -0.761     -0.505     -0.443     -0.541     -1.215     -0.897      1.000      0.000      1.000
    -1.857     -1.208     -0.084     -1.179     -1.079     -0.934     -0.780      1.153      1.000      0.000      1.000
     1.629      1.082     -1.049      1.506      1.333      1.173     -1.082     -1.309      0.000      1.000      2.000
     2.801      2.220      2.491      2.193      1.626      1.646      2.826      2.546      0.000      1.000      2.000
    -0.069     -0.286     -0.761     -0.838     -0.693     -0.541     -0.691     -0.648      1.000      0.000      1.000
     3.532      0.296     -0.084      1.188      2.304      0.247     -1.162     -0.093      0.000      1.000      2.000
     0.680      0.743      1.238      0.523      1.241      0.681      2.137      1.875      0.000      1.000      2.000
    -1.328     -0.382     -1.049     -1.511     -0.693     -0.876      0.593      0.411      1.000      0.000      1.000
    -2.830     -1.898     -1.049     -1.511     -1.414     -0.934     -0.560     -1.305      1.000      0.000      1.000
     0.179     -0.637      0.485      0.560     -0.158     -1.269      0.033      0.756      0.998      0.002      1.000
    -1.138     -0.625     -1.049     -1.511     -1.414     -0.876     -0.556     -0.161      1.000      0.000      1.000
    -0.472     -0.733     -0.154     -1.193     -0.693     -0.876     -0.651     -1.299      1.000      0.000      1.000
    -2.173     -1.316     -1.049     -0.861     -0.401     -0.876     -1.492     -1.371      1.000      0.000      1.000
    -0.883      0.053     -0.761      0.159     -1.121     -0.599     -0.720     -0.319      1.000      0.000      1.000
    -2.051     -1.559     -0.761     -1.511     -1.414     -0.876      0.236      0.161      1.000      0.000      1.000
    -0.278     -0.151     -0.084      0.486     -0.015     -0.934      0.479      0.128      0.996      0.004      1.000
    -0.047     -0.518     -1.049     -1.156     -0.493     -0.974      0.646      0.037      1.000      0.000      1.000
    -2.090     -0.976     -0.442     -1.511     -1.414     -0.876      0.128     -0.678      1.000      0.000      1.000
    -1.813     -0.625     -0.761     -1.511     -1.414     -1.269     -0.602     -0.465      1.000      0.000      1.000
     1.474      1.190      0.849      0.855      0.613      0.721     -0.773     -0.656      0.000      1.000      2.000
     0.165     -0.151     -1.049     -0.505      0.855     -0.541      0.072     -1.040      0.999      0.001      1.000
    -0.696      0.296     -0.084     -0.491      0.655     -0.541     -0.095      0.221      0.990      0.010      1.000
    -0.454      0.296     -1.049     -0.505     -0.401     -0.541      1.886      1.122      1.000      0.000      1.000
     0.283     -0.190     -1.049     -0.159      1.626     -1.269     -1.412     -1.440      0.999      0.001      1.000
    -0.057     -1.412     -1.049     -0.505     -1.079     -1.269     -1.412     -1.488      1.000      0.000      1.000
     0.713      0.432     -0.761      0.869     -0.401      0.523     -0.275     -0.424      0.265      0.735      2.000
     0.478      1.190     -0.186     -0.824     -0.693     -0.284      0.869      0.566      0.984      0.016      1.000
    -1.692     -0.869     -1.049     -1.511     -1.414     -0.934      0.048     -0.113      1.000      0.000      1.000
    -2.377     -0.082     -1.049     -1.511     -1.414     -0.541     -0.722     -0.706      1.000      0.000      1.000
    -2.052     -1.072     -1.049     -1.193     -1.414     -1.269     -1.412     -1.217      1.000      0.000      1.000
    -0.622     -0.625     -1.049     -0.801     -0.736     -0.343      0.433     -0.455      1.000      0.000      1.000
     0.542      0.743     -0.084      1.506     -0.015      0.090     -0.244     -0.597      0.006      0.994      2.000
    -0.362      0.161     -0.761     -1.179     -1.029     -0.876      0.816      0.278      1.000      0.000      1.000
    -2.464     -1.412     -0.761     -1.511     -1.414     -1.269     -1.412     -1.488      1.000      0.000      1.000
    -2.875     -1.898     -1.049     -1.511     -1.414     -1.269     -1.492     -1.488      1.000      0.000      1.000
     1.566      0.704      0.491      0.795      1.626      0.090      0.432     -0.310      0.000      1.000      2.000
    -0.857     -0.869     -0.154     -0.505     -0.401     -0.876     -0.112      0.056      1.000      0.000      1.000
     0.196     -0.151     -0.442      0.795     -1.414     -1.269     -0.593     -0.746      1.000      0.000      1.000
    -2.071     -0.721      0.849     -0.173     -0.786     -0.876     -0.978     -1.025      1.000      0.000      1.000
     2.315      0.839      2.810      1.469      1.584      1.745     -1.100     -1.241      0.000      1.000      2.000
    -1.810     -1.112     -0.761     -0.824     -0.015     -1.269     -0.707     -1.488      1.000      0.000      1.000
     3.282      1.190      1.845      0.864      0.563      1.016      0.013      0.455      0.000      1.000      2.000
     0.656      0.879     -0.474      1.188     -0.401      0.484     -0.565     -0.480      0.026      0.974      2.000
     0.490      0.704      1.168      0.855      1.626      1.075      0.530      0.399      0.000      1.000      2.000
     3.286      1.529      1.845      0.500      2.347      1.606     -0.073      0.746      0.000      1.000      2.000
     2.569     -0.394      1.488      1.529      0.663      0.583     -1.162     -1.294      0.000      1.000      2.000
     1.669      0.743      0.951      1.174      1.241      1.804     -0.210     -0.132      0.000      1.000      2.000
    -1.285     -0.869      0.203     -0.505     -0.401     -0.245     -0.037     -0.149      1.000      0.000      1.000
     1.867      0.743      1.526      0.537      0.413      1.075     -0.522     -1.297      0.000      1.000      2.000
    -2.443     -1.655     -1.049     -1.193     -1.414     -1.269     -0.761     -1.113      1.000      0.000      1.000
     1.817      0.743      0.881      0.500      1.241      1.115     -0.693     -0.678      0.000      1.000      2.000
    -1.884     -0.286     -0.084     -0.505     -0.693     -0.876     -0.375     -0.390      1.000      0.000      1.000
    -1.265      0.392     -1.049     -0.505     -0.401      0.090      0.130     -0.535      1.000      0.000      1.000
    -1.588      0.269     -1.049     -0.838     -0.736     -0.876     -0.868     -0.764      1.000      0.000      1.000
     3.532      1.082      2.203      0.551      1.919     -0.245      0.149     -0.859      0.000      1.000      2.000
    -1.309     -1.072     -0.084     -0.468     -1.079     -0.934     -0.910     -1.219      1.000      0.000      1.000
     0.811      1.190     -0.186     -0.505     -1.414     -0.264      0.208     -0.548      0.998      0.002      1.000
    -0.322      0.161     -0.154      0.182      0.563     -0.245     -1.195     -1.096      0.965      0.035      1.000
     2.027      0.704      1.845     -0.824      1.333      1.508     -0.277     -0.452      0.000      1.000      2.000
    -2.996     -1.208     -1.049     -1.511     -1.414     -0.876      1.194      1.371      1.000      0.000      1.000
    -2.176     -1.655     -0.474     -1.156     -1.121     -0.876     -1.048     -1.212      1.000      0.000      1.000
     0.236      0.161      0.881      0.500      0.613      0.779      0.828      0.576      0.000      1.000      2.000
    -1.346     -0.043     -0.084      0.205     -0.786     -1.269     -0.729     -0.331      1.000      0.000      1.000
     3.724      0.879      0.881      1.824      1.961      0.207     -1.174     -0.939      0.000      1.000      2.000
    -0.785     -0.733     -1.049     -1.511     -1.414     -1.269     -1.332     -1.068      1.000      0.000      1.000
     1.712      0.743      1.168      0.500      0.613      1.075      1.033      0.173      0.000      1.000      2.000
     0.619     -0.151     -1.049      0.159     -0.358     -0.974     -1.355     -1.488      1.000      0.000      1.000
    -0.253     -0.286     -1.049     -0.838     -0.493     -0.876      2.676      2.455      1.000      0.000      1.000
     1.758      0.743     -1.049      1.838      1.241      0.878     -0.802     -0.944      0.000      1.000      2.000
    -0.833     -1.316     -0.761     -1.156     -0.401     -0.482      1.003      0.965      1.000      0.000      1.000
    -0.855      0.743     -1.049     -0.542     -0.401     -1.269     -0.724     -0.082      1.000      0.000      1.000
    -0.963     -0.043     -0.122     -0.505     -0.108     -0.147      0.250      0.316      0.999      0.001      1.000
    -1.725     -1.655     -1.049     -0.861     -1.414     -1.269     -0.209     -0.358      1.000      0.000      1.000
     1.323     -0.382     -1.049     -0.187      0.277      1.016      0.390      0.403      0.257      0.743      2.000
     0.291     -0.625      0.236     -0.468     -0.736     -1.269     -1.051     -0.961      1.000      0.000      1.000
    -1.240     -1.316     -0.761     -1.511     -1.029     -1.269      0.482     -0.276      1.000      0.000      1.000
     0.910     -0.139     -0.404      0.869      0.948      0.425     -0.446     -0.351      0.006      0.994      2.000
    -0.817     -0.637     -0.474     -1.511      0.077     -0.245     -1.070     -0.118      1.000      0.000      1.000
    -0.364     -0.151     -0.761     -1.179     -0.401     -0.639     -1.492     -1.022      1.000      0.000      1.000
     1.044      1.190      0.811      0.855      1.626      1.410      0.856      0.817      0.000      1.000      2.000
     1.427      1.298      2.810      0.841      1.248      0.207      2.430      2.926      0.000      1.000      2.000
    -2.376     -1.316     -1.049     -1.511     -1.414     -1.269     -1.038     -1.100      1.000      0.000      1.000
    -0.444     -0.529     -0.761     -1.179     -0.358     -1.269     -1.215     -1.180      1.000      0.000      1.000
    -1.165     -0.382     -1.049     -0.491     -1.029     -1.269     -1.492     -1.089      1.000      0.000      1.000
    -2.413     -1.655     -1.049     -1.511     -1.414     -1.269     -1.178     -1.440      1.000      0.000      1.000
    -0.727     -0.869     -1.049     -1.511     -1.414     -0.876     -0.830     -0.703      1.000      0.000      1.000
     2.132     -1.451     -0.474     -1.511     -1.414     -1.269      2.379      3.668      1.000      0.000      1.000
    -2.183     -1.898     -1.049     -1.511     -1.414     -1.269     -0.841     -1.488      1.000      0.000      1.000
     0.680     -0.394     -0.084      1.188      0.905      0.051      0.363      0.245      0.005      0.995      2.000
    -1.848     -1.559     -0.761     -0.824     -1.414     -1.269      0.020      0.109      1.000      0.000      1.000
     2.614      1.190      1.168      1.188      1.626      1.213      0.195      0.398      0.000      1.000      2.000
    -2.067     -1.112     -1.049      0.500     -1.079     -0.876     -1.090     -1.046      1.000      0.000      1.000
     0.073      0.743     -0.084     -0.173     -0.401      0.386     -0.844     -0.288      0.887      0.113      1.000
     0.728      0.743      0.203      0.145      0.277      1.115      0.783      0.986      0.000      1.000      2.000
     1.579      0.743      1.200      1.151      0.613      1.173      1.872      1.691      0.000      1.000      2.000
    -2.561     -0.382     -0.761     -0.505     -1.414     -0.934      0.462      0.206      1.000      0.000      1.000
    -0.772     -0.190     -1.049     -0.861      0.948     -0.206      0.307     -0.187      0.999      0.001      1.000
    -2.840     -1.451     -1.049     -1.511     -1.414     -1.269     -1.176     -1.342      1.000      0.000      1.000
    -2.668     -0.529     -1.049     -0.861     -0.786     -1.269      0.345     -0.216      1.000      0.000      1.000
    -1.652     -1.898     -0.761     -1.511     -1.414     -1.269     -1.492     -1.456      1.000      0.000      1.000
    -0.398      0.635      0.561      1.128      1.241      0.051     -0.572     -1.299      0.001      0.999      2.000
     2.168      0.947      1.845      0.855      1.291      1.804      0.197      0.312      0.000      1.000      2.000
    -2.094     -1.112     -1.049     -1.156     -1.414     -1.269     -0.928     -0.858      1.000      0.000      1.000
     1.395      0.947     -0.090      1.801      0.613      0.936     -0.187     -0.035      0.000      1.000      2.000
     1.069     -0.976     -1.049     -1.156     -0.443     -0.343     -1.492     -1.440      1.000      0.000      1.000
    -2.256     -1.655     -1.049     -1.511     -1.414     -1.269     -1.412     -1.488      1.000      0.000      1.000
    -1.190     -0.490     -1.049     -1.156     -1.414     -0.245     -1.412     -1.440      1.000      0.000      1.000
    -1.646     -1.898     -1.049     -1.511     -1.414     -1.269     -0.488     -0.328      1.000      0.000      1.000
    -2.226     -0.976     -1.049     -0.801     -1.414     -1.269     -1.412     -1.323      1.000      0.000      1.000
     0.576     -0.529      0.203      2.156      1.291      0.681      0.293      0.075      0.000      1.000      2.000
     0.962      0.500     -0.084      1.506     -0.108      0.090     -0.897     -1.440      0.027      0.973      2.000
    -0.338     -0.733     -1.049     -0.824     -0.736     -0.876     -1.375     -0.926      1.000      0.000      1.000
     1.195      0.257     -1.049      1.506      1.333      0.878      1.408      1.360      0.000      1.000      2.000
    -0.359     -0.529     -0.084      1.151      0.563      0.090     -0.298      0.326      0.251      0.749      2.000
    -1.307     -0.382     -1.049     -1.511     -1.414     -0.639     -1.195     -1.314      1.000      0.000      1.000
    -1.662     -0.869     -1.049     -1.511     -1.079     -0.147     -0.526     -0.477      1.000      0.000      1.000
    -2.028     -1.412     -0.761     -1.511     -1.414     -0.876     -0.873     -1.262      1.000      0.000      1.000
    -0.340     -0.286     -1.049      0.205     -1.079     -0.482     -0.693     -1.007      1.000      0.000      1.000
     0.539      1.190     -0.442      1.529      0.613      0.878      1.493      1.097      0.000      1.000      2.000
     3.213      1.773     -0.410      1.801      2.640      1.429      2.263      3.407      0.000      1.000      2.000
     1.631      0.947     -0.084      0.818      1.626      0.779      0.262      0.006      0.000      1.000      2.000
     1.525      1.326      0.236      1.801      0.370     -0.876     -1.402     -1.371      0.001      0.999      2.000
     1.168     -0.178      1.526      1.174      0.705      0.543      0.398      1.158      0.000      1.000      2.000
    -0.996     -1.112     -0.761     -0.519     -1.079     -0.047     -0.891     -1.148      1.000      0.000      1.000
    -0.023      0.404     -0.084     -0.505      0.613     -0.245      0.540      0.321      0.811      0.189      1.000
    -2.904     -1.412     -0.761     -1.511     -1.414     -0.876     -1.412     -1.488      1.000      0.000      1.000
    -1.368     -0.869     -0.761     -0.505     -0.108     -0.541     -0.799     -1.080      1.000      0.000      1.000
    -1.185     -0.829     -1.049     -0.136     -1.121     -1.269     -1.393     -1.275      1.000      0.000      1.000
    -2.220     -0.869     -1.049     -1.511     -1.414     -0.934      0.045     -0.859      1.000      0.000      1.000
     0.523      0.539      0.523      0.514      1.626      0.444      1.290      1.149      0.000      1.000      2.000
    -2.533     -0.869     -1.049     -1.193     -1.414     -1.269     -1.265     -0.907      1.000      0.000      1.000
     0.139     -0.773     -1.049     -0.824     -1.079     -1.269      1.468      0.813      1.000      0.000      1.000
    -0.835     -1.112     -1.049     -1.511     -1.414     -0.876     -0.751     -1.345      1.000      0.000      1.000
    -0.038      0.500     -0.442      0.523     -0.786     -0.147      0.293     -0.189      0.983      0.017      1.000
    -2.089     -1.208     -1.049     -1.511     -1.414     -1.269     -1.355     -1.488      1.000      0.000      1.000
    -0.049      0.500     -1.049     -0.847     -1.414     -1.269     -1.492     -1.261      1.000      0.000      1.000
    -1.943     -0.733     -1.049     -0.542     -1.414     -0.876     -1.295     -1.275      1.000      0.000      1.000
    -1.690     -1.316     -1.049     -1.511     -1.414     -1.269     -0.662     -1.105      1.000      0.000      1.000
    -1.887     -0.151     -1.049     -0.801     -1.414     -1.269     -1.355     -1.488      1.000      0.000      1.000
     1.061      1.433      1.450      1.824      2.254      1.606     -1.178     -0.721      0.000      1.000      2.000
    -2.352     -1.112     -1.049     -1.156     -1.414     -1.269     -0.622     -0.497      1.000      0.000      1.000
    -2.419     -1.559     -1.049     -1.511     -1.121     -0.934      0.490      0.142      1.000      0.000      1.000
    -2.682     -0.394     -1.049     -0.847     -0.493     -1.269     -0.990     -0.833      1.000      0.000      1.000
     3.630      2.220      0.203      2.156      2.254      2.139      1.861      2.508      0.000      1.000      2.000
    -0.272      0.539      1.851     -1.511     -0.108      0.090     -1.311     -1.323      0.989      0.011      1.000
     0.662     -1.898     -1.049     -0.491     -0.643     -1.269      0.311     -0.091      1.000      0.000      1.000
    -2.292     -1.316     -1.049     -0.838     -1.414     -1.269     -1.492     -1.323      1.000      0.000      1.000
    -1.984     -1.898     -1.049     -1.511     -1.414     -1.269     -0.990     -1.452      1.000      0.000      1.000
     1.240      0.743     -1.049      1.174     -0.015     -0.206     -1.393     -1.440      0.464      0.536      2.000
     1.083      1.190     -0.084      1.506      1.291      1.213     -0.158      0.706      0.000      1.000      2.000
    -0.224     -0.082     -1.049      0.145     -0.736     -0.876     -0.192     -0.019      1.000      0.000      1.000
     1.299     -0.043     -0.761     -0.801     -0.401     -0.639     -0.503     -0.324      1.000      0.000      1.000
    -3.036     -1.898     -1.049     -1.511     -1.414     -1.269     -0.456     -0.726      1.000      0.000      1.000
    -2.193     -0.625     -0.442     -0.173     -0.786     -0.541     -0.800     -0.529      1.000      0.000      1.000
     0.259      0.392     -1.049      0.463      0.270     -0.186      0.688      0.852      0.635      0.365      1.000
     0.790      0.839      0.881      2.511      1.919      1.173     -1.412     -1.377      0.000      1.000      2.000
     0.959      0.608     -0.692     -0.838     -0.451     -0.599     -0.552     -0.855      1.000      0.000      1.000
     0.299      1.773      1.168      1.174     -0.401     -0.304      0.925      0.875      0.000      1.000      2.000
     2.427      0.257      0.491      1.506      0.948      1.508     -0.249     -0.312      0.000      1.000      2.000
    -0.267      0.635      1.136      0.537     -0.065      1.075      1.090      0.884      0.000      1.000      2.000
    -0.639      0.296      0.203      0.818      0.905     -0.245      0.330     -0.097      0.052      0.948      2.000
    -1.432      0.404     -1.049     -1.511     -0.829     -1.269     -1.332     -0.226      1.000      0.000      1.000
     1.395      0.257     -0.372      1.506     -0.401      1.804     -0.770     -1.335      0.000      1.000      2.000
    -1.305     -0.190     -0.154      0.463      0.613     -0.245      1.801      1.059      0.716      0.284      1.000
    -0.592     -0.829     -0.154     -0.505     -0.693     -1.269     -0.582     -0.715      1.000      0.000      1.000
    -1.774     -0.869      0.491     -0.801      1.626     -0.245     -0.880     -1.286      0.999      0.001      1.000
     1.374      0.296      0.236      0.523     -0.015     -0.264     -1.050     -0.246      0.307      0.693      2.000
     1.464      1.773      1.418      0.855      1.919      1.902      0.520      0.593      0.000      1.000      2.000
    -0.643     -0.529     -1.049     -0.468     -1.414     -0.934     -1.233     -0.855      1.000      0.000      1.000
     1.038      1.529      2.165     -0.482      0.227      0.346     -0.369      0.001      0.000      1.000      2.000
     0.010     -0.869     -0.084     -0.505     -0.401     -0.541     -0.978     -1.154      1.000      0.000      1.000
    -1.782     -1.898     -1.049     -1.511     -1.414     -1.269     -0.426     -1.157      1.000      0.000      1.000
     1.431      1.433      0.485      1.151      0.613      1.213     -0.614     -0.287      0.000      1.000      2.000
    -3.252     -0.976     -1.049     -1.511     -1.414     -1.269     -1.025     -1.456      1.000      0.000      1.000
    -1.050     -0.151     -0.692      0.818     -0.108      0.149     -0.606     -0.307      0.991      0.009      1.000
     0.599      1.190     -0.084      0.855      1.626      0.917      2.759      3.775      0.000      1.000      2.000
     1.706      0.269      1.878      0.500      1.626      0.425      1.224      0.999      0.000      1.000      2.000
    -1.153     -0.082      0.561      0.463      0.905      0.425      0.024      1.033      0.025      0.975      2.000
     0.165     -0.529     -1.049     -0.187      0.948     -0.147      1.284      1.063      0.917      0.083      1.000
     0.700     -0.190     -0.084      0.523     -0.401      0.090      2.086      1.131      0.281      0.719      2.000
    -1.706     -0.829     -0.442     -1.511     -1.079     -1.269     -0.309      0.150      1.000      0.000      1.000
    -1.967     -0.625     -1.049     -1.193     -1.414     -1.269     -1.412     -1.323      1.000      0.000      1.000
    -1.706      0.296     -0.084      0.841     -0.401     -0.541     -1.322     -1.488      1.000      0.000      1.000
    -0.250      1.190     -0.474     -0.173      0.570     -0.206     -0.359     -0.160      0.591      0.409      1.000
    -1.977     -1.316      0.203     -0.505     -0.736     -0.876     -0.720     -0.640      1.000      0.000      1.000
    -1.028     -0.190     -0.761     -0.838     -1.414      1.508     -0.325     -0.990      1.000      0.000      1.000
    -0.287     -0.529      0.203      0.477      0.470     -1.269     -0.819     -0.827      0.999      0.001      1.000
     2.140      1.190      1.206      1.128      0.948     -0.245      1.122      0.732      0.000      1.000      2.000
     1.077     -0.082     -1.049     -0.505     -0.401     -0.343     -1.047     -0.430      1.000      0.000      1.000
    -1.694     -1.655     -0.410     -1.511     -1.414     -1.269     -1.492     -1.371      1.000      0.000      1.000
    -0.377      0.296     -0.116     -0.505     -0.736     -1.269     -1.275     -1.488      1.000      0.000      1.000
    -1.285     -0.043     -1.049     -1.156     -0.736     -0.934     -0.739     -1.281      1.000      0.000      1.000
    -1.507     -1.316     -1.049     -1.511     -1.414     -1.269     -0.968     -1.250      1.000      0.000      1.000
    -2.274     -1.898     -1.049     -1.511     -1.414     -1.269     -0.592     -0.265      1.000      0.000      1.000
    -2.175     -1.559     -0.442     -0.491     -1.414     -1.269     -1.492     -1.335      1.000      0.000      1.000
     3.115      0.851      1.845      0.809      1.291      1.508     -0.859     -0.679      0.000      1.000      2.000
     0.409     -0.286     -1.049     -0.505     -0.015     -0.974      0.986      0.636      1.000      0.000      1.000
    -1.945     -1.112     -1.049     -1.511     -1.414     -1.269     -1.153     -1.305      1.000      0.000      1.000
