-2.70215549	-1.55891836	-1.04900607	-1.5110438	-1.41413267	-1.26939485	-1.004809678	-0.7818971705
1.11833029	0.74319839	1.48796607	1.5058092	1.29080166	0.09012841	-0.405163145	-0.7737157709
-0.96701555	-1.89810283	-1.04900607	-1.5110438	-1.41413267	-1.26939485	-0.880943589	-0.555125593
-0.94155951	-0.39406965	-0.44168254	1.5058092	-1.41413267	-0.54058058	-0.2374879	-0.2444823152
1.14585138	0.94697259	2.49059035	1.8609966	2.05405917	1.50830683	1.943171113	0.7514084817
-2.58207018	-1.55891836	-0.76138335	-1.5110438	-1.41413267	-1.26939485	-1.412374442	-1.4521079674
-0.9969806	0.29618431	0.16564098	0.2049487	-1.02876264	1.11457212	-0.430463245	-1.393088699
2.00460825	-1.65486295	-0.6915053	-0.5054261	-0.40071761	-0.24495114	-1.492360657	-1.4883476012
-2.48976759	-0.97649401	-1.04900607	-1.5110438	-1.12139847	-0.87566013	-1.412374442	-1.4521079674
-2.68236054	-1.31567848	-0.76138335	-1.5110438	-1.41413267	-0.97376541	-1.104602892	-1.0452230113
0.89075455	0.29618431	1.84546685	0.7954345	0.32744579	0.87759784	-0.378134907	0.5247800434
2.47040123	1.19021247	0.56094173	0.8324079	0.37002244	1.50830683	0.737345902	0.6757505303
1.28525742	0.29618431	0.49106367	0.1679752	-0.40071761	0.09012841	-1.275304217	-1.0886656783
0.7308093	0.94697259	1.84546685	0.8553789	1.3333783	1.01646684	-0.887615579	-1.0164092881
-0.46131639	-0.8686644	-0.37180449	-0.5054261	-0.40071761	-0.24495114	-0.209179052	-0.8622679214
-3.20859236	-1.89810283	-1.04900607	-1.5110438	-1.41413267	-1.26939485	-0.787822366	-0.4765528782
0.7434126	0.40401392	1.49368795	0.4772205	0.61269744	1.27133255	0.152030598	-0.7673695493
-0.12789571	-0.39406965	-1.04900607	-0.4454816	-0.35814097	-0.20550102	-0.480913387	-0.9109514072
-0.28709108	1.08238286	-0.40388258	0.1819776	0.26990406	0.0506783	0.867098755	0.8114139227
-2.55412394	-0.17841043	-1.04900607	-1.5110438	-1.41413267	-1.26939485	0.657359686	1.9770847931
-1.95702155	-0.15082977	-1.04900607	-0.8376425	-1.41413267	-1.26939485	-1.492360657	-1.4883476012
0.83321656	0.18835471	-1.04900607	-1.1558564	0.0347116	-1.26939485	-0.887546452	-1.4561595207
-1.9236324	-0.88054942	-0.76138335	-1.5110438	-1.41413267	-1.26939485	-0.437272484	-1.4521079674
-1.90426261	-1.89810283	0.17136287	-1.5110438	-1.41413267	-1.26939485	-0.781219502	-1.3342016878
0.43904917	0.64725381	1.16826526	2.1792105	1.29080166	1.50830683	1.98847807	1.9025069639
2.41138969	1.63722655	1.5956441	1.5287803	1.91884669	2.43464526	2.883728434	1.0472399938
-1.02348222	-1.21973389	-1.04900607	-0.4914237	-1.02876264	-0.24495114	-0.39443425	-0.979473397
-2.00201092	-0.96460898	-1.04900607	-0.8376425	0.2773866	0.09012841	0.058840247	0.5423714187
0.85905433	0.851028	1.52576604	0.5001916	1.6261125	1.17322727	1.15597321	1.5787587263
-2.85489691	-1.89810283	-1.04900607	-1.5110438	-1.41413267	-1.26939485	-1.412374442	-1.4883476012
0.49180811	-0.52947993	-1.04900607	0.514194	-0.01534759	1.01646684	-0.956872899	-0.3371692524
3.33122315	1.52939694	1.5956441	2.193213	1.6261125	2.43464526	0.483389676	0.6751508325
0.09433522	-0.8686644	-1.04900607	-1.1558564	-0.78608764	-1.26939485	0.760755234	0.0297745318
-2.52146781	-1.89810283	-1.04900607	-1.5110438	-1.41413267	-0.93431529	-1.275304217	-1.4883476012
1.8672182	0.05294443	0.52314176	0.1819776	1.29080166	0.0506783	-0.166469847	0.1274731286
1.69421043	0.16077404	1.45588798	0.5001916	2.01148252	1.90204154	0.464563409	-0.3969269194
1.17125276	0.29618431	0.81076448	0.8324079	-0.06540677	0.42520797	-1.310930436	-1.4006494291
-2.81779722	-0.62542451	-0.76138335	-1.5110438	-1.41413267	0.0506783	-0.859485799	-0.9557989211
2.07085769	0.3921289	0.81076448	-0.5194286	0.61269744	-1.26939485	-1.215194127	-1.2553160164
0.21791006	0.05294443	-0.47376063	-0.5054261	-0.6934518	-0.24495114	-0.522357244	-0.1045130489
-1.87553241	-1.21973389	-1.04900607	-1.5110438	-1.41413267	-1.26939485	-1.321659331	-1.1010169287
-1.59434461	0.25671862	0.4532637	0.1679752	-0.30808178	0.52331324	-1.295180343	-0.8988078264
-2.39534811	-1.21973389	-0.15405982	-1.1558564	-1.41413267	-1.26939485	-0.799523773	-0.9179371093
-1.22030897	-1.89810283	-1.04900607	-1.5110438	-1.41413267	-1.26939485	-1.492360657	-1.393088699
-2.68839494	-0.8686644	0.81076448	-0.5054261	-1.41413267	-0.54058058	0.30394753	0.6696282832
-1.01619247	-0.15082977	-1.04900607	-1.5110438	-1.41413267	-0.87566013	-1.392567443	-0.9908851733
-1.49700135	-1.11190428	-0.76138335	-0.1961808	-1.12139847	-0.48192542	-1.195318002	-0.6770700994
-0.15515236	-0.43353534	-0.47376063	-1.5110438	0.37002244	-0.54058058	-0.257364025	-0.2250765588
-2.02012254	-0.28624004	-0.08418177	-0.8466111	-0.73602845	0.0506783	-1.070971791	-1.3342016878
-2.89850241	-1.89810283	-0.76138335	-1.1558564	-1.41413267	-0.93431529	-1.492360657	-1.4883476012
0.75467452	0.05294443	1.84546685	-0.5054261	-0.06540677	-0.24495114	0.055168786	0.366848235
3.18779869	1.43345236	1.88326682	1.5287803	2.34679336	1.80393627	1.286595153	1.0592739
1.02830813	0.74319839	1.52576604	0.537165	1.29080166	1.50830683	-0.226649064	0.3364045705
-1.96555457	-0.63730953	0.77296451	-1.5110438	-1.41413267	-1.26939485	-0.083731298	-0.1309892988
-1.86635604	-1.89810283	-1.04900607	-1.5110438	-1.41413267	-0.97376541	-1.184658234	-1.0841407449
-1.42138308	-0.39406965	-1.04900607	-0.4454816	-1.41413267	-1.26939485	-1.215194127	-1.4404912139
-1.43052811	-1.65486295	-1.04900607	-1.1558564	-0.78608764	-1.26939485	-0.896693683	-1.0267032299
-0.15118019	-0.17841043	-0.08418177	0.2049487	0.2773866	1.46885671	0.533717306	1.6046756226
0.41437708	-0.49001424	-0.11625986	-1.1788274	-0.40071761	-1.26939485	-1.492360657	-1.2492968924
0.76627192	1.28615706	0.81076448	1.8240232	-0.06540677	0.09012841	-0.118240233	-0.0815440141
-1.97142545	0.29618431	-0.47376063	-0.82364	-1.41413267	-1.26939485	-1.252402011	-1.4883476012
-1.85134014	-0.63730953	-0.15405982	-0.82364	-1.41413267	-0.54058058	-0.257364025	-0.1350185621
0.90360731	-0.05488518	1.20034335	0.5511675	0.52006161	-0.87566013	-1.492360657	-1.0973796766
-2.63922645	-1.31567848	-0.76138335	-1.5110438	-1.41413267	-0.87566013	-0.739413683	-0.9750869705
3.28597215	0.87860867	2.45279038	2.5114269	2.63952755	1.84338638	-1.492360657	-1.2014405051
1.90680809	-0.39406965	0.02349626	0.1080307	0.65527409	-0.26415618	-1.401645547	0.3522359438
-0.89968919	-0.96460898	-0.0463818	-0.4824551	0.56263826	-0.54058058	-0.558463585	-0.8196579383
-0.22416204	0.14888901	-0.76138335	0.8693814	-1.41413267	0.72083741	-0.011929611	-1.009931806
2.72967719	0.29618431	-0.08418177	1.1735929	1.24074247	1.41020155	1.228231059	0.0154472417
0.084972	-1.55891836	-0.76138335	-1.1928299	-1.41413267	-0.54058058	-1.332388226	-1.1168919784
0.73869898	0.29618431	-0.08418177	-0.1732098	0.31996325	-0.24495114	-0.001846096	-0.6569682876
-0.21230302	1.08238286	1.81338876	1.1506218	0.70533327	0.48386312	-0.465273235	-0.5898371704
0.72291963	-0.15082977	1.81338876	0.5001916	1.29080166	0.48386312	-1.492360657	-1.4883476012
2.43727371	0.94697259	1.16826526	1.8609966	1.91884669	1.70583099	0.838899848	2.4750930041
-2.61213332	-1.16838318	-1.04900607	-0.82364	-1.02876264	-0.93431529	-1.412374442	-1.220156886
2.32909368	1.43345236	1.85118873	0.8693814	1.6261125	-0.24495114	0.620082676	0.2783248148
-1.23836874	-1.07243859	-0.44168254	-1.1788274	-0.40071761	-0.93431529	0.070686426	-0.0879153629
-1.3117295	0.87860867	2.17088954	-0.1732098	-1.41413267	-0.93431529	-1.401645547	-1.4883476012
0.19605289	0.3921289	0.49106367	-0.8376425	-0.74351099	-0.54058058	0.05628607	0.2645289876
-1.90405284	-0.8686644	0.20344095	-1.1558564	-1.02876264	-0.93431529	-1.332388226	-0.9831106491
-0.56764115	-0.73325412	-0.08418177	-0.5054261	-0.10798342	-0.5800307	-0.344598484	-0.3266221611
0.31418482	-0.28624004	-0.11625986	-0.4684526	-0.40071761	0.12957853	-1.104672019	-0.22674869
0.17494792	0.63536878	1.16826526	1.8609966	-0.06540677	-0.93431529	-1.230944221	-1.3390420632
2.93227671	0.29618431	1.84546685	1.5058092	1.6261125	1.80393627	-0.526028705	-0.5056470276
0.02113799	-0.15082977	-0.44168254	1.5058092	1.29080166	0.12957853	-0.682329674	-0.8619416382
0.46613948	0.46049282	-1.04900607	-0.2101832	-1.07882183	-0.93431529	-1.252402011	-1.4883476012
0.63311567	0.06482945	0.88064254	0.1679752	-0.06540677	0.77949256	1.201349294	-0.3555682559
0.69186276	-0.63730953	-1.04900607	1.8240232	-1.02876264	-0.26415618	-1.492360657	-1.4883476012
3.72429871	2.21965091	2.0952896	2.5114269	2.63952755	2.82837997	-1.284451448	-1.4883476012
1.14415964	-0.39406965	-0.76138335	-1.5110438	-0.78608764	-0.59923574	-1.007284918	-1.1368375076
-1.63106258	-1.31567848	-0.08418177	1.1875953	-0.40071761	0.12957853	-1.492360657	-1.4883476012
0.15705449	-0.39406965	0.16564098	-1.1928299	0.13469159	-0.59923574	-1.013201587	-1.1271567568
2.07520877	1.52939694	0.23551904	2.1562395	1.48341748	1.76448615	0.638346133	-0.2169856024
1.1931646	-0.28624004	-0.15405982	-0.5054261	-0.06540677	0.48386312	-1.131151007	-1.2491145897
0.91637412	0.14888901	2.81029116	1.1735929	0.90543163	1.70583099	-0.678383637	-1.4086640316
-3.25172645	-1.89810283	-1.04900607	-1.5110438	-1.41413267	-1.26939485	-1.412374442	-1.4883476012
-0.08846374	1.0548022	1.55784413	-0.1642412	1.91884669	0.83814772	0.788563474	-0.18884063
1.21274978	1.19021247	0.23551904	1.5058092	1.6261125	1.6064121	-0.189948307	0.5223601993
1.46218269	1.73317114	-0.08418177	1.5058092	1.96142333	0.81894268	-0.868384834	-0.7539997976
1.20226338	0.3921289	-0.44168254	1.1875953	0.99806747	0.09012841	-1.492360657	-1.1816334186
-0.22934332	-0.8686644	-0.08418177	-0.5054261	-1.02876264	-0.24495114	-0.11681315	-0.516394663
-2.31464292	-0.97649401	-0.76138335	-1.5110438	-1.41413267	-0.93431529	-1.312581228	-1.014260753
-3.25172645	-1.89810283	-1.04900607	-1.5110438	-1.41413267	-1.26939485	-0.993394589	-1.3772738493
-1.75316668	-1.11190428	-1.04900607	-1.5110438	-1.02876264	-1.26939485	-1.084795894	-1.1676178443
0.88863765	0.05294443	1.49368795	0.8324079	0.61269744	-0.24495114	0.114151782	-0.0065175834
-1.76649926	-1.65486295	-1.04900607	-1.5110438	-1.41413267	-0.54058058	-0.782122888	-0.4694073938
0.66020879	0.94697259	1.48796607	1.8380256	0.94800828	2.0995657	-0.526028705	-0.289919438
-3.16545827	-1.55891836	-1.04900607	-1.5110438	-1.41413267	-1.26939485	-1.332388226	-1.4883476012
-2.04017911	-1.07243859	-1.04900607	-0.8606135	-1.41413267	-0.59923574	-0.567689753	-0.8192998559
2.63192888	1.48993125	0.23551904	1.2105663	2.34679336	1.11457212	2.757456231	1.6140602664
-0.19246183	0.05294443	-0.08418177	-0.5054261	0.31996325	-0.14684587	-0.153924903	0.0940863886
-1.32860067	0.29618431	0.81076448	1.1875953	-1.07882183	0.09012841	-0.905016465	-1.4883476012
-3.03605598	-1.89810283	-1.04900607	-1.5110438	-1.41413267	-1.26939485	-1.076542238	-1.4883476012
0.54224038	0.05294443	0.84856445	0.537165	-0.40071761	0.87759784	-0.077584597	0.2731161106
-2.98101662	-1.89810283	-1.04900607	-1.5110438	-1.41413267	-1.26939485	-1.492360657	-1.4883476012
1.06127213	1.04291717	0.81076448	1.4918068	0.32744579	1.27133255	-0.155146536	-1.2533360434
1.12436469	0.74319839	0.88064254	1.4828382	-1.07882183	0.09012841	-0.133733387	-1.0886656783
1.13209084	1.08238286	0.88064254	1.1875953	1.29080166	1.15402223	0.078716373	-0.3980317664
3.02669619	1.19021247	1.84546685	1.5058092	1.6261125	1.80393627	-1.412374442	-1.1779439401
2.07520877	0.83914298	-0.12198174	2.5114269	1.6261125	0.12957853	-1.195318002	-1.3710724226
-0.09602354	-0.15082977	-0.44168254	-0.8606135	-1.07882183	-1.26939485	-1.007284918	-1.0621171403
1.14834719	-0.28624004	0.62509791	-0.4684526	2.63952755	0.40496289	1.212344643	1.6437141242
-1.45382101	-0.8686644	-0.08418177	-0.1502387	-0.40071761	-0.54058058	1.353197099	1.9633602565
1.64335019	0.74319839	0.88064254	0.8693814	1.3333783	0.48386312	-1.089043608	-1.1540379902
0.94966517	0.63536878	0.84856445	0.4772205	0.90543163	0.12957853	-1.412374442	-1.3663897683
1.82572118	0.29618431	1.84546685	0.2049487	1.6261125	0.42520797	-0.677300257	-0.8063356622
-2.4445166	-1.55891836	-1.04900607	-1.1788274	-1.41413267	-0.93431529	-1.392567443	-1.3349905099
0.51954459	-0.52947993	-0.08418177	-0.5054261	0.31996325	0.0506783	-0.195424076	-0.3065214919
-0.18457215	0.29618431	0.23551904	0.5001916	-1.41413267	0.03147326	-1.252402011	-0.8907549475
3.29222475	1.43345236	1.16826526	2.5114269	1.6261125	1.44965167	1.561062734	1.7897802491
-1.93575306	-1.55891836	-1.04900607	-1.5110438	-1.41413267	-1.26939485	-0.694106726	-1.3177491055
0.35818046	-0.19029546	-1.04900607	0.1959801	-1.41413267	-1.26939485	0.980372369	2.0724880434
-2.55412394	-1.89810283	-0.12198174	-1.1558564	-1.41413267	-1.26939485	-1.321659331	-1.4883476012
0.65619037	0.63536878	-0.08418177	1.1875953	-1.41413267	-0.54058058	-0.810252668	-1.0499274201
0.63686964	0.83914298	0.56094173	1.5058092	0.99806747	1.50830683	-0.418712671	-0.4400300103
-2.20646289	-0.8686644	-0.08418177	-0.5054261	-0.40071761	-0.24495114	-1.238096334	-1.393088699
-2.37343626	-1.65486295	-1.04900607	-1.5110438	-1.41413267	-1.26939485	-0.111791951	-0.1192126539
-3.20859236	-1.89810283	-1.04900607	-1.5110438	-1.41413267	-1.26939485	-1.492360657	-1.4883476012
2.1950843	2.21965091	1.41808801	1.8609966	1.04064411	1.6064121	-1.252402011	-1.2490656647
0.7268918	0.74319839	0.19771907	0.8553789	1.3333783	0.77949256	2.649066489	1.9435126589
0.17335709	0.49995851	0.88064254	-0.1872122	0.95549082	2.13901582	-0.20150165	0.4121251504
-0.70562269	-0.63730953	-0.08418177	-0.1362363	0.31996325	-1.26939485	-1.015538573	-0.5953832119
0.14932835	-0.19029546	2.13308957	0.8693814	0.70533327	0.0506783	-0.408834606	-0.512792512
1.06329093	1.19021247	2.13308957	1.5058092	2.01148252	1.80393627	-0.627198134	-0.512792512
-3.20859236	-1.89810283	-0.47376063	-1.5110438	-1.41413267	-1.26939485	-1.115331787	-1.3712301436
-2.07917751	-0.63730953	-0.47376063	-1.1558564	-1.41413267	-0.93431529	-1.412374442	-1.212874956
-2.71030678	-0.63730953	-1.04900607	-1.5110438	-1.41413267	-1.26939485	-0.750073451	-0.9665162101
0.58394717	0.16077404	1.52576604	0.5001916	0.90543163	0.77949256	-0.450290204	0.2713375481
-1.75671088	0.14888901	0.02349626	-1.1558564	-0.74351099	-0.08819071	0.54829673	0.5827346658
-2.9066537	-1.89810283	-1.04900607	-1.5110438	-1.41413267	-1.26939485	-1.492360657	-1.1442422645
0.55828136	0.29618431	-0.15405982	0.2049487	-0.06540677	-0.14684587	0.805561582	0.2718763445
1.32282851	0.29618431	-1.04900607	0.5511675	1.6261125	0.91704795	-0.43754064	0.0467090926
-0.2082846	1.43345236	1.48796607	0.8693814	1.04064411	1.46885671	1.592107588	0.8402186741
0.6170747	0.49995851	0.88064254	0.8553789	1.6261125	0.77949256	-1.252402011	-1.4883476012
3.72429871	2.21965091	0.88064254	2.5114269	2.63952755	2.82837997	3.339299103	4.364982934
0.64433135	0.94697259	0.81076448	1.1735929	1.24074247	1.50830683	0.360788935	1.6628988584
0.23628613	-0.73325412	-1.04900607	-0.1642412	-0.15804261	-0.59923574	-0.506529804	0.0495624764
2.89888474	1.77263683	1.52576604	2.193213	1.96142333	2.15822086	0.029635306	-1.4404912139
3.62987922	2.21965091	2.81029116	2.5114269	2.63952755	2.82837997	3.157868882	3.8868323531
2.06770082	1.63722655	1.23814332	0.8324079	1.6261125	1.11457212	0.690921661	0.3020125449
3.10523824	2.21965091	2.13308957	0.1819776	2.63952755	2.13901582	-0.636997165	-0.8631385703
0.21230363	-0.97649401	1.20606523	-1.1558564	0.31996325	-0.54058058	-0.720585715	-0.3515056609
-2.54040964	-1.65486295	-1.04900607	-1.5110438	-1.41413267	-1.26939485	-0.810252668	-0.4681861184
1.92601154	1.73317114	1.77558879	1.8609966	1.6261125	1.90204154	1.269564975	1.2706836625
2.75154279	1.28615706	0.55521985	1.8240232	1.42601414	-0.26415618	1.989749936	0.7704841471
2.44330811	-0.19029546	1.20606523	-0.1132653	1.6261125	0.42520797	-0.773044785	-0.8795359933
0.76627192	0.7037327	0.23551904	0.2049487	0.70533327	-0.54058058	2.059788959	2.2989038332
2.24070859	0.94697259	1.20034335	1.5058092	1.24074247	0.83814772	2.047863842	2.5022015004
3.72429871	2.21965091	2.81029116	2.5114269	2.63952755	2.82837997	-0.526028705	-0.5286689957
0.94928627	1.52939694	0.56094173	1.8469942	0.94800828	2.19767098	2.445635995	1.6419657174
2.49019618	1.19021247	1.27022141	1.5058092	1.6261125	1.80393627	-0.490368715	-0.458783957
2.15375081	0.36454823	1.91534491	1.5427827	2.01148252	1.46885671	2.077766098	2.9402113761
0.70122598	0.74319839	-1.04900607	0.537165	1.6261125	-0.08819071	-1.072622582	-1.1704873228
-0.73271582	-0.08246585	-0.08418177	-0.5054261	-0.40071761	-0.63868585	-0.328848391	0.0381045529
-1.83137324	-0.08246585	-1.04900607	-1.1928299	-0.78608764	-0.93431529	2.372967151	2.7476954461
3.51794522	2.21965091	1.45588798	2.5114269	2.01148252	2.82837997	3.139712675	3.9886465995
1.56644522	0.7037327	-0.08418177	1.1506218	0.94800828	0.54251828	1.139812121	1.4093701332
0.81755731	1.19021247	0.49106367	1.5427827	0.70533327	1.50830683	1.603815513	2.1418746673
2.8203427	1.63722655	1.55784413	2.193213	2.25415753	1.17322727	1.930817808	0.7803402504
0.20230548	-0.04300016	-1.04900607	-0.82364	-0.10798342	-0.54058058	1.078653874	1.5058801494
-1.73695376	-1.00407467	-1.04900607	-1.5110438	-1.41413267	-1.26939485	2.501938302	2.5133281041
0.85693743	0.94697259	0.55521985	1.5058092	-0.06540677	0.72083741	2.647510376	2.4661583591
2.15375081	-0.73325412	-1.04900607	-0.800669	-0.49335344	-1.26939485	-0.436309195	-1.0583252156
-1.26757876	-0.54136495	-1.04900607	-1.5110438	-1.41413267	-1.26939485	3.339299103	4.2697240318
2.08521534	1.19021247	0.84856445	0.514194	0.94800828	0.77949256	-1.295180343	-0.9116867576
-3.07919008	-1.89810283	-1.04900607	-1.5110438	-1.41413267	-1.26939485	-1.193736337	-1.393088699
2.21487925	1.52939694	2.13308957	2.1562395	1.6261125	2.53275053	2.198217139	1.5536832951
0.10831115	-0.19029546	-1.04900607	-0.4824551	0.31996325	0.44441301	0.160909672	0.4804869437
0.23628613	-0.28624004	0.88064254	0.5001916	0.61269744	0.38575785	0.620082676	0.7545346303
-1.77025323	0.40401392	0.63081979	0.8324079	1.28331912	2.13901582	1.30407391	0.9955841675
3.72429871	2.21965091	2.0952896	2.5114269	2.63952755	1.56696199	2.752556716	2.5614710576
2.8203427	1.19021247	1.84546685	1.5058092	1.91884669	1.50830683	1.260486871	2.0075525082
-2.99292189	-1.89810283	-1.04900607	-1.5110438	-1.41413267	-1.26939485	-1.135207912	-1.4883476012
1.18501331	-0.19029546	0.49106367	0.7954345	-0.10798342	0.42520797	0.478559288	0.2103130472
1.81445926	0.25671862	0.22979716	0.1590066	1.04064411	1.4294066	2.61502294	3.7211734682
3.72429871	2.21965091	1.4501661	2.193213	2.63952755	1.6064121	2.706493371	3.3869829983
0.18875471	0.29618431	-0.08418177	-0.1502387	-0.01534759	0.14878357	0.630811571	0.0708687319
0.65809189	1.97641102	0.19771907	0.1310017	-0.35814097	0.87759784	1.23450679	0.9198829938
1.2111127	1.88046644	1.81338876	2.193213	1.53347666	2.49330042	2.056693751	1.1482654226
3.53545974	1.52939694	1.41808801	0.8324079	1.3333783	0.83814772	2.658902814	3.8126000489
0.35356494	0.29618431	-0.76138335	-0.4914237	-1.41413267	0.36655281	-0.630542366	-0.0953481894
-2.11791428	-0.8686644	-0.08418177	-0.5054261	-0.40071761	-0.24495114	-0.138340067	-0.4765528782
0.95722779	1.19021247	-0.18613791	1.5058092	1.04064411	-0.54058058	1.45188877	2.9747187386
3.32535227	1.08238286	2.13308957	2.1792105	2.25415753	1.90204154	0.888171102	-0.5365324354
-0.82211755	0.29618431	-0.40388258	0.5001916	-0.40071761	0.48386312	-0.751190735	-1.2344373599
0.67423096	0.83914298	0.48534179	0.8413765	-0.40071761	0.54251828	2.125951071	1.4977589735
-1.37173476	-0.62542451	-0.76138335	-0.82364	-1.41413267	-0.87566013	2.027206014	1.7092897673
-0.17701235	1.77263683	1.13046529	2.1562395	-1.41413267	0.76028752	-0.730266453	-0.8935947767
2.86723077	1.73317114	0.81076448	1.5427827	1.29080166	0.87759784	3.339299103	3.7561625736
1.17940406	1.19021247	1.16826526	0.4772205	0.18475077	0.81894268	1.513100403	1.8945271261
-3.25172645	-1.89810283	-1.04900607	-1.5110438	-1.41413267	-1.26939485	-0.366056275	-0.512792512
-1.08477419	-0.52947993	0.20344095	-0.5054261	-0.40071761	-0.24495114	1.216126875	1.5370096309
2.84971625	1.09426789	0.20344095	-0.4824551	0.95549082	1.56696199	0.670668311	-0.3665414369
2.15423063	1.19021247	1.13046529	1.1875953	1.6261125	1.41020155	-0.184626054	-0.512792512
3.72429871	1.77263683	2.16516766	1.8609966	2.63952755	2.82837997	1.683801728	1.5898663297
3.10523824	2.21965091	-0.08418177	1.2015977	2.63952755	0.76028752	0.994054461	-0.9145737511
0.23041526	1.63722655	1.85118873	1.8609966	1.91884669	1.80393627	1.222359031	0.6760937354
1.07139598	1.63722655	-0.08418177	1.8749991	0.90543163	0.42520797	2.865572227	2.1379632445
-0.29063529	-0.52947993	-0.47376063	-0.82364	-1.07882183	-0.93431529	0.895419346	0.648080177
2.17402558	1.19021247	1.84546685	1.5058092	1.6261125	1.80393627	1.47689793	0.6862281391
2.51956972	2.21965091	0.23551904	1.1735929	2.05405917	1.80393627	-0.120561957	-0.3422456193
0.14039309	0.05294443	-0.08418177	0.4861891	-0.01534759	-0.24495114	0.186038924	-0.2729329461
-1.07307587	0.851028	0.51741988	-0.4684526	-0.01534759	0.54251828	-0.263639756	-0.9293300377
-0.79548133	0.43159459	2.49059035	0.2189511	-0.05792423	0.7986976	-1.038785106	-1.4883476012
3.51794522	1.97641102	0.88064254	1.5058092	2.63952755	1.50830683	3.104910905	4.2311742174
-0.6681497	-0.62542451	-0.76138335	-0.5054261	-0.40071761	-0.24495114	0.390467482	0.7320337957
1.16723434	0.43159459	-0.15405982	2.1562395	0.90543163	0.46465808	0.403217046	-0.9193002218
-3.25172645	-1.89810283	-1.04900607	-1.5110438	-1.41413267	-1.26939485	-1.492360657	-1.3710724226
1.41910327	0.49995851	1.20034335	1.1875953	1.3333783	1.075122	0.640964212	0.4333296691
2.56482072	1.19021247	-0.12198174	1.1875953	-0.01534759	0.81894268	2.81454024	3.4775494658
1.45451122	1.08238286	1.49368795	-0.1502387	-0.01534759	0.77949256	-0.291640507	0.2700971226
-0.37547617	1.19021247	0.81076448	-0.5054261	-0.10798342	1.52751187	1.894563402	2.1607533604
-1.45180221	-1.55891836	-1.04900607	-1.5110438	-1.41413267	-1.26939485	-0.179795665	-1.4521079674
3.72429871	1.97641102	1.48796607	1.5058092	2.63952755	1.56696199	2.985241566	2.8699631246
3.32910625	1.19021247	2.81029116	2.5114269	1.96142333	2.49330042	2.423999137	1.106558859
0.82692054	1.52939694	0.81076448	1.8609966	0.94800828	1.21267739	2.487607072	2.932592645
0.55055521	0.7037327	1.48796607	0.514194	0.95549082	1.80393627	1.072453787	2.4388183201
2.3466082	1.52939694	-1.04900607	1.5058092	1.6261125	1.80393627	3.339299103	4.2697240318
1.69192158	1.28615706	0.63081979	-0.4824551	1.29080166	1.41020155	-0.431642133	-0.2843808179
-1.6668985	0.05294443	-0.12198174	-1.1788274	-1.41413267	-0.87566013	-0.522357244	-1.0800812581
-0.43405974	-0.28624004	0.52314176	-0.1732098	-0.6934518	0.18823369	0.409698227	0.1035985853
0.70838356	-1.89810283	-1.04900607	-0.800669	-1.41413267	-0.59923574	2.885723551	3.8143238758
-2.55412394	-0.8686644	-0.08418177	-0.5054261	-0.40071761	-0.24495114	0.420848793	-0.4017187601
1.97164426	1.28615706	1.80766688	1.1506218	1.91884669	1.86259142	2.255773052	1.3813331379
-0.68560955	-0.8686644	-0.08418177	-0.5054261	-0.40071761	0.54251828	3.131389893	3.552280169
-1.53996349	-0.19029546	1.13046529	-0.5054261	-0.40071761	-0.24495114	2.39524117	4.213121248
3.72429871	2.21965091	2.49059035	2.193213	2.63952755	1.80393627	2.544114828	2.8335318875
-2.33845347	-1.55891836	-1.04900607	-1.5110438	-1.41413267	-1.26939485	1.3868282	1.1612631713
-2.55412394	-1.89810283	0.22979716	-0.5054261	-0.73602845	-0.24495114	3.339299103	4.364982934
-3.25172645	-1.55891836	-1.04900607	-1.5110438	-1.41413267	-1.26939485	2.510037375	2.9504542548
3.07358426	1.39398667	1.53148792	1.8609966	0.90543163	2.19767098	0.162235795	-0.5259251621
1.28383012	1.19021247	-0.72930527	1.5058092	0.37002244	1.50830683	2.530316277	2.0564858687
0.47952112	1.19021247	-0.08418177	-0.5054261	-0.06540677	-0.24495114	1.515575643	1.9089736956
1.67462525	1.19021247	1.84546685	1.5058092	1.6261125	1.80393627	1.66478295	1.2614140201
1.11833029	0.29618431	1.41808801	0.87835	1.3333783	1.80393627	1.62567608	2.020390457
2.82621357	1.77263683	1.23814332	2.193213	1.91884669	2.43464526	2.661308927	2.408133645
-1.66768245	-0.8686644	-0.08418177	-0.5054261	-0.40071761	-0.24495114	0.578421628	0.5822139386
0.09576253	0.98643828	-0.08418177	0.5511675	0.95549082	0.18823369	1.718455435	1.0263768156
0.45454489	1.19021247	0.52314176	0.2049487	1.6261125	0.87759784	0.249424216	-0.3374998107
2.27219904	1.52939694	2.13308957	1.1735929	1.6261125	1.50830683	2.658239271	2.9637888798
0.90826907	-1.55891836	0.27331901	-0.5194286	-1.12139847	-0.54058058	-0.611490689	-0.1852218078
0.35736516	-1.11190428	-0.40960446	-1.1558564	1.3333783	0.24688884	0.428705263	-0.748107303
0.23628613	0.49995851	1.52576604	1.1735929	1.24074247	1.80393627	3.12231179	3.8421848648
0.91784767	0.49995851	0.20344095	0.5001916	0.22732742	0.14878357	1.259412333	2.4683034434
0.65015036	0.01347874	-0.40960446	-0.800669	1.04064411	0.5819684	-0.341796112	-0.6404225133
2.32909368	1.19021247	1.84546685	1.5058092	1.6261125	1.80393627	2.07358751	3.0940755033
2.00477178	1.19021247	1.16826526	1.5058092	1.6261125	1.17322727	1.486621414	2.2811187393
2.09124974	0.49995851	1.52576604	0.5001916	1.6261125	1.17322727	0.856312475	2.2048675042
0.59288243	2.21965091	-1.04900607	2.5114269	0.99806747	1.64586222	3.139712675	3.9971150536
1.77279871	1.19021247	0.55521985	0.8693814	0.95549082	1.21267739	1.784452289	1.762169673
-0.47322448	0.09241012	-1.04900607	0.514194	-1.41413267	-1.26939485	-1.058247778	-1.0382563971
-3.25172645	-1.89810283	-1.04900607	-1.5110438	-1.41413267	-1.26939485	3.339299103	4.030673323
2.76905731	1.63722655	1.91534491	0.8184055	1.6261125	1.46885671	0.044370764	-0.0120130645
-0.59924327	1.43345236	-0.18613791	-1.5110438	-1.41413267	-0.26415618	0.147035477	0.1378390673
-1.43074349	0.5394242	0.52314176	-1.5110438	-0.06540677	0.42520797	1.254005691	0.9259427323
-2.9334852	-1.11190428	-0.40388258	-1.5110438	-1.41413267	-0.54058058	0.714846472	1.5344535812
1.28922117	2.21965091	-0.72930527	0.537165	1.29080166	0.54251828	3.157868882	3.4025161335
1.97703531	1.28615706	-0.08418177	0.537165	1.6261125	1.50830683	3.168597777	3.8411366803
0.52705253	0.16077404	0.23551904	1.1506218	0.66275663	1.41020155	0.398195848	0.9213266507
3.02669619	1.28615706	-0.76138335	-0.1502387	2.63952755	0.97570311	-1.140229111	-1.1998199042
3.72429871	2.21965091	2.81029116	2.5114269	2.63952755	2.82837997	3.339299103	4.030673323
0.23628613	0.16077404	0.20344095	-0.1732098	0.2773866	0.0506783	1.19774696	1.4338841615
3.32535227	0.94697259	0.88064254	2.1562395	1.96142333	2.43464526	3.248583992	3.9832450371
3.42352573	1.97641102	1.84546685	2.5114269	2.63952755	2.49330042	2.166700514	4.0241279111
2.42286981	1.77263683	1.49368795	0.2049487	0.99806747	0.14878357	2.994319669	3.1328502764
-0.32000883	-0.8686644	-0.08418177	-0.5054261	-0.40071761	-0.24495114	-0.246456062	0.2923896812
0.93388864	1.19021247	1.84546685	1.5058092	1.6261125	1.80393627	2.55274658	3.528739626
0.69333631	0.74319839	0.52314176	1.1735929	0.99806747	0.48386312	2.449753808	2.4245025606
-0.74521259	0.63536878	0.23551904	0.1819776	-1.07882183	-0.54058058	-0.4833195	-0.5003444046
-0.34731173	0.29618431	-0.08418177	0.8553789	0.31996325	-0.14684587	1.478188691	2.3519657948
2.86723077	1.52939694	0.84856445	2.193213	1.37595495	1.80393627	2.848816722	3.7613126973
2.67088385	1.19021247	0.88064254	1.1506218	1.3333783	1.50830683	0.184087381	1.4383176664
2.26632817	1.19021247	2.13308957	1.5058092	1.6261125	1.50830683	0.893646871	0.8113143768
1.90452767	1.19021247	0.27331901	-0.4824551	1.3333783	1.11457212	-0.451449132	-0.1044976873
1.54876718	-0.17841043	-0.40388258	-0.82364	-0.6934518	0.42520797	2.545292887	1.8562830085
0.57161393	1.73317114	-0.44168254	0.9063549	-0.78608764	1.31078267	3.339299103	2.9306938394
-0.818984	-1.31567848	-0.76138335	-1.5110438	-1.07882183	-1.26939485	-0.430860431	-0.4660238428
-0.92383521	-0.52947993	-1.04900607	-0.5054261	0.31996325	-0.54058058	2.205937286	2.8409205782
1.26795267	1.19021247	1.20034335	0.2049487	0.56263826	-0.24495114	-0.328848391	-0.512792512
1.28171322	-0.42165032	-0.0463818	1.1735929	0.95549082	-0.34305642	1.659152599	1.8783993186
2.3622212	1.08238286	0.91844251	0.8413765	0.90543163	0.77949256	-0.987408793	-0.8758354462
-1.34072133	0.02536376	-0.08418177	0.8553789	-1.02876264	0.52331324	-0.245810682	-0.0028458251
-0.6641341	-0.52947993	-1.04900607	-1.5110438	-1.12139847	-0.87566013	-1.332388226	-0.9775919264
2.45806238	1.73317114	-1.04900607	-0.2381881	1.96142333	-1.26939485	3.339299103	2.6471587107
2.31321623	0.74319839	-0.15405982	1.1875953	-0.15056006	0.46465808	-0.967601795	-0.4115616328
3.21717224	1.08238286	0.81076448	0.8553789	1.96142333	1.3515464	2.738225486	3.6017813875
0.34942924	0.29618431	0.56094173	-0.5054261	-0.01534759	1.05591696	0.070617299	-0.3194171169
-0.13578538	-0.82919871	-1.04900607	-1.1788274	-1.41413267	-1.26939485	-1.492360657	-1.3710724226
2.38577012	0.74319839	0.20344095	1.1506218	1.6261125	0.72083741	0.05381083	-0.248226539
2.87538207	0.94697259	-1.04900607	2.5114269	1.71874833	1.70583099	-0.57833971	-0.7125878061
-0.70127722	-0.31382071	-0.18613791	0.5231626	-1.41413267	-1.26939485	-1.492360657	-1.2230534113
1.00950691	1.97641102	-1.04900607	2.1562395	-0.20061925	0.48386312	-1.127102322	-0.8380043668
0.05538868	-0.62542451	0.52314176	-0.5054261	-0.44329426	-0.20550102	-0.82385958	-1.3447784393
-0.35356433	-0.28624004	-0.76138335	-0.5054261	-1.12139847	-0.87566013	-0.719537558	-1.1003858276
-1.45006703	-0.17841043	-1.04900607	0.8324079	-0.40071761	-0.24495114	0.484129735	-0.1210149651
0.23416923	-0.32570573	-1.04900607	-1.5110438	-0.40071761	-0.14684587	0.95170991	0.681583358
3.42352573	1.32562275	-0.40960446	1.8380256	1.6261125	1.21267739	-1.29277423	-0.6388982307
-1.86134671	-1.31567848	-1.04900607	-0.82364	-1.41413267	-0.93431529	-0.990032097	-1.1506957469
-1.47996665	-1.89810283	-1.04900607	-1.5110438	-0.78608764	-1.26939485	-0.692989442	-1.1486565161
-0.03131308	0.49995851	-0.08418177	-0.5054261	0.99806747	-0.24495114	-0.923172671	-0.3929988377
-1.14891233	-0.8686644	-1.04900607	-1.1558564	-1.07882183	-0.59923574	0.246794394	-0.3842385272
-0.61723761	0.29618431	-0.47376063	-0.8376425	-0.40071761	-0.3036063	-0.260563583	-0.9825951427
-0.46295346	0.74319839	-0.08418177	0.514194	-0.10798342	1.01646684	0.327759639	-0.05979657
-0.94151326	-0.39406965	-1.04900607	-1.5110438	-0.40071761	-1.26939485	-0.899316987	-1.3342016878
-0.38864522	0.06482945	-0.76138335	-0.82364	-0.10798342	-0.93431529	0.105271006	-0.0530051631
-0.32398101	-1.41162306	-0.08418177	-1.5110438	-0.49335344	-1.26939485	-0.559565128	-0.7954399723
-2.08706718	-1.31567848	-1.04900607	-1.1928299	-1.41413267	-0.54058058	-1.207088537	-1.0693057941
-0.32652306	-0.8686644	0.20344095	0.5001916	-0.40071761	0.68138729	-1.252402011	-1.4883476012
-0.8374035	-0.28624004	-0.47376063	0.1679752	-0.40071761	-0.54058058	0.275679496	0.4091295118
-0.84485959	0.74319839	-0.44168254	0.5001916	-0.40071761	-0.54058058	-0.620147121	-1.1583818009
1.46827176	0.29618431	-1.04900607	1.1875953	0.61269744	-0.54058058	-1.202059119	-1.0117601588
1.06376232	0.29618431	0.27331901	-0.1502387	-0.10798342	0.48386312	0.104222849	0.6757505303
1.21127623	0.49995851	1.62772219	1.1506218	1.6261125	1.50830683	1.425865944	1.421136753
1.47577971	-0.62542451	-0.76138335	0.8693814	-0.01534759	-0.04742698	-0.459841041	0.06675107
0.21568431	0.29618431	0.77296451	1.4828382	-0.40071761	0.52331324	0.14700118	0.3693943492
0.46174497	0.63536878	1.13046529	0.8693814	-0.6934518	-0.93431529	-0.495878255	-1.2284943378
-0.60294024	-1.16838318	-1.04900607	-1.5110438	-1.41413267	-1.26939485	-1.412374442	-1.1813179766
-2.36592831	-1.65486295	-1.04900607	-1.5110438	-1.41413267	-1.26939485	-1.412374442	-1.4158683337
-0.41528144	1.32562275	0.4532637	-0.5054261	0.52006161	-0.20550102	0.077838539	0.1469291816
0.91573077	0.74319839	-0.08418177	-0.5194286	1.6261125	0.64062356	-0.565066448	-0.574321822
0.33217074	0.18835471	-1.04900607	-0.1732098	0.37002244	1.03567188	2.554965406	2.2696693767
1.40490915	0.7037327	0.49106367	0.4632181	0.61269744	0.81894268	1.103404199	1.9998969606
-2.53453876	-1.65486295	-0.76138335	-1.1558564	-1.02876264	-1.26939485	-0.76127425	-0.7943452779
-1.00221373	-0.52947993	-0.72930527	-0.800669	-0.73602845	-1.26939485	0.237647164	-0.2827733569
-0.82756327	-0.15082977	-0.08418177	0.1450042	-1.02876264	-1.26939485	-1.412374442	-1.4883476012
-0.65459893	0.49995851	-0.44168254	-1.5110438	-0.44329426	-0.87566013	-1.332388226	-1.1737527764
-1.54643147	0.98643828	-0.44168254	1.1136484	-1.41413267	-0.87566013	-1.412374442	-1.3447784393
-0.42797909	-0.52947993	-0.12198174	-1.1558564	-1.02876264	-0.87566013	-0.947322893	-0.866405189
0.50868489	2.21965091	-1.04900607	0.8324079	1.24822501	2.13901582	1.590161733	1.6127943685
1.44847682	0.74319839	1.84546685	1.5058092	1.29080166	0.38575785	-0.328848391	-0.1882153006
-2.30946164	-1.65486295	-1.04900607	-0.5283971	-1.12139847	-1.26939485	-1.332388226	-1.2301654409
-0.15848118	0.29618431	-0.76138335	0.1909462	-0.73602845	-0.26415618	-1.005385932	0.4421575625
-2.09707375	-0.82919871	-1.04900607	-1.1788274	-1.41413267	-1.26939485	-1.492360657	-1.4883476012
2.19481425	-0.63730953	-1.04900607	-0.8376425	-0.40071761	-0.93431529	-0.573965484	-0.8744904292
-1.87795344	0.59590309	-0.47376063	-1.1558564	-0.06540677	-0.54058058	-0.285493806	-0.2005681636
-0.70476957	-1.65486295	-1.04900607	-1.1558564	-1.02876264	-1.26939485	-1.207088537	-1.1642858962
-2.08642383	-1.07243859	-1.04900607	-1.5110438	-1.41413267	-1.26939485	-0.591545437	-0.9114627354
-3.25172645	-1.89810283	-1.04900607	-1.5110438	-1.41413267	-0.87566013	-0.48267412	-0.3065621624
-3.25172645	-1.89810283	-1.04900607	-1.5110438	-1.41413267	-1.26939485	-1.332388226	-1.4883476012
-0.57992814	-0.28624004	0.20344095	-1.5110438	-1.07882183	-0.63868585	-0.739413683	-0.845008417
-1.4545106	0.05294443	-1.04900607	-0.5054261	-1.41413267	-0.87566013	0.284002278	0.1819424838
-3.1104189	-1.65486295	-0.76138335	-1.5110438	-1.41413267	-1.26939485	-1.412374442	-1.4883476012
-1.38692261	-0.39406965	-0.76138335	-0.82364	-1.41413267	-0.87566013	-1.195318002	-1.2012582024
-1.26795206	-1.55891836	-0.47376063	-0.8746159	-1.41413267	-1.26939485	-1.184589107	-1.2123000045
1.0451793	0.74319839	-0.33400452	0.2049487	0.18475077	-0.26415618	-0.449043019	-0.064922706
2.32849657	0.3921289	0.20344095	1.8240232	1.96142333	-0.20550102	-0.175478824	0.2249298025
-2.89474843	-1.89810283	-1.04900607	-1.5110438	-1.41413267	-1.26939485	-1.275304217	-1.4883476012
-0.42818887	-1.07243859	-0.76138335	-1.5110438	-1.41413267	0.14878357	-1.138233993	-0.5136573747
-2.0983291	-1.11190428	-1.04900607	-0.5054261	-1.41413267	-1.26939485	-0.719537558	-0.7988702113
-1.86609441	0.02536376	-1.04900607	-1.1558564	-1.41413267	-1.26939485	-1.220215326	-1.4404912139
3.07961866	1.19021247	-0.72930527	0.8324079	0.61269744	1.21267739	-0.022975827	-0.3916480944
0.34208482	0.17265906	0.52314176	0.1679752	0.90543163	1.11457212	0.636460956	1.9239420826
0.24586473	0.29618431	-0.08418177	0.1450042	-0.06540677	-0.24495114	-0.782122888	-0.512792512
-2.24028001	-1.11190428	-1.04900607	-1.5110438	-1.41413267	-1.26939485	-1.184589107	-0.9611506248
1.00411586	0.16077404	0.56094173	0.8553789	0.90543163	0.38575785	0.064961397	0.1618099956
-2.80964592	-1.31567848	-1.04900607	-1.5110438	-1.41413267	-1.26939485	-1.275304217	-0.8800589305
2.01016283	1.04291717	0.81076448	0.8184055	1.04064411	1.11457212	-1.392567443	-0.1222610287
0.70148761	0.94697259	2.49059035	1.1875953	-0.40071761	0.72083741	-0.645698044	-0.524292196
-2.40906241	-1.45108875	-0.76138335	-1.1788274	-1.02876264	-0.87566013	-0.19838103	0.3596490851
1.51722206	-1.21973389	-1.04900607	-1.5110438	-1.07882183	-0.26415618	-0.475933003	-1.1209055516
0.31793879	-0.82919871	-1.04900607	-1.5110438	-1.41413267	-1.26939485	-1.252402011	-1.4883476012
-0.84672048	-1.16838318	-1.04900607	-1.5110438	-1.41413267	-1.26939485	-1.252402011	-1.0539448168
-0.92965423	-0.43353534	-1.04900607	-0.4454816	-0.82866428	-0.87566013	-0.995731575	-1.0527860205
-1.45360563	-0.49001424	0.52886364	-1.5110438	-1.41413267	-0.97376541	-1.492360657	-1.3232160353
-0.96468327	0.5394242	-1.04900607	0.1959801	1.29080166	0.72083741	1.080363739	1.3856544716
2.32469635	0.74319839	-1.04900607	1.1875953	0.52006161	-0.26415618	-0.477241926	-0.7224240297
0.89593583	1.52939694	-1.04900607	1.2015977	0.22732742	1.46885671	-1.058247778	-1.1739104974
0.63915007	0.29618431	0.20344095	-0.1872122	0.61269744	-0.28440126	-1.009908223	-1.3334174124
-2.93788252	-1.65486295	-1.04900607	-1.5110438	-1.41413267	-1.26939485	-0.509977557	-0.8777891375
1.34986978	0.851028	-0.08418177	-0.5054261	1.58353585	1.21267739	2.897726013	3.7333056647
-3.06728481	-1.89810283	-1.04900607	-1.5110438	-1.41413267	-1.26939485	-1.172415796	-1.4561595207
-1.74527701	0.29618431	0.51741988	1.5058092	1.6261125	0.52331324	-1.024685803	-1.1858483001
-1.57475944	-0.58595882	-1.04900607	-1.1788274	-1.41413267	-1.26939485	-1.172415796	-1.040809291
-0.41904384	1.43345236	-0.72930527	-0.1732098	-1.07882183	-0.54058058	-0.131022696	-0.8368867561
1.76029634	-0.63730953	0.16564098	-1.1558564	-0.6934518	-0.54058058	-0.810252668	-1.2012582024
1.2384156	-0.08246585	2.13308957	-0.1502387	0.99806747	1.17322727	0.867098755	0.8611732646
-0.89609874	0.5394242	-0.40388258	0.1819776	-0.6934518	-0.48192542	0.326780609	0.4683899678
1.74130827	0.25671862	-0.44168254	1.8240232	0.65527409	0.54251828	2.966010821	3.4480879197
-1.95453135	-1.89810283	-1.04900607	-1.5110438	-1.41413267	-1.26939485	-1.492360657	-1.3772738493
-2.06287491	-1.55891836	-1.04900607	-1.5110438	-1.41413267	-1.26939485	-0.750545355	-1.1799026001
-2.17269202	-0.52947993	-0.76138335	-0.5054261	-0.44329426	-0.54058058	-1.215194127	-0.8969855745
-1.85652142	-1.20784887	-0.08418177	-1.1788274	-1.07882183	-0.93431529	-0.780293028	1.1534028313
1.62921074	1.08238286	-1.04900607	1.5058092	1.3333783	1.17322727	-1.081700686	-1.3085388055
2.80071128	2.21965091	2.49059035	2.193213	1.6261125	1.64586222	2.826241648	2.5456809634
-0.06863097	-0.28624004	-0.76138335	-0.8376425	-0.6934518	-0.54058058	-0.690652456	-0.6482686733
3.53170576	0.29618431	-0.08418177	1.1875953	2.30421671	0.24688884	-1.161686901	-0.0927008403
0.68048356	0.74319839	1.23814332	0.5231626	1.24074247	0.68138729	2.136679966	1.8749841385
-1.3283909	-0.38218463	-1.04900607	-1.5110438	-0.6934518	-0.87566013	0.592821984	0.4109077981
-2.82970249	-1.89810283	-1.04900607	-1.5110438	-1.41413267	-0.93431529	-0.559565128	-1.3051591414
0.17870189	-0.63730953	0.48534179	0.5601361	-0.15804261	-1.26939485	0.033075766	0.7560445646
-1.13769665	-0.62542451	-1.04900607	-1.5110438	-1.41413267	-0.87566013	-0.556057472	-0.1611536055
-0.47196631	-0.73325412	-0.15405982	-1.1928299	-0.6934518	-0.87566013	-0.650752141	-1.2994854099
-2.17333537	-1.31567848	-1.04900607	-0.8606135	-0.40071761	-0.87566013	-1.492360657	-1.3710724226
-0.88281802	0.05294443	-0.76138335	0.1590066	-1.12139847	-0.59923574	-0.719537558	-0.3185280517
-2.05144104	-1.55891836	-0.76138335	-1.5110438	-1.41413267	-0.87566013	0.236065499	0.1605556789
-0.27751809	-0.15082977	-0.08418177	0.4861891	-0.01534759	-0.93431529	0.478628414	0.1276842392
-0.04697233	-0.5175949	-1.04900607	-1.1558564	-0.49335344	-0.97376541	0.646329211	0.0374496495
-2.09017781	-0.97649401	-0.44168254	-1.5110438	-1.41413267	-0.87566013	0.127701308	-0.6778995905
-1.81338733	-0.62542451	-0.76138335	-1.5110438	-1.41413267	-1.26939485	-0.602343459	-0.4649361247
1.47414264	1.19021247	0.84856445	0.8553789	0.61269744	0.72083741	-0.772975658	-0.6559884678
0.16450777	-0.15082977	-1.04900607	-0.5054261	0.85537245	-0.54058058	0.071709031	-1.0395335249
-0.69625947	0.29618431	-0.08418177	-0.4914237	0.65527409	-0.54058058	-0.094985482	0.2210832773
-0.45401821	0.29618431	-1.04900607	-0.5054261	-0.40071761	-0.54058058	1.886087104	1.1216999272
0.28253085	-0.19029546	-1.04900607	-0.1592073	1.6261125	-1.26939485	-1.412374442	-1.4404912139
-0.05659718	-1.41162306	-1.04900607	-0.5054261	-1.07882183	-1.26939485	-1.412374442	-1.4883476012
0.71329478	0.43159459	-0.76138335	0.8693814	-0.40071761	0.52331324	-0.274695784	-0.4244589835
0.47788404	1.19021247	-0.18613791	-0.82364	-0.6934518	-0.28440126	0.869125942	0.5661611807
-1.69187472	-0.8686644	-1.04900607	-1.5110438	-1.41413267	-0.93431529	0.048186997	-0.1125789969
-2.37719024	-0.08246585	-1.04900607	-1.5110438	-1.41413267	-0.54058058	-0.721935452	-0.705815752
-2.05182276	-1.07243859	-1.04900607	-1.1928299	-1.41413267	-1.26939485	-1.412374442	-1.2168775842
-0.62225536	-0.62542451	-1.04900607	-0.800669	-0.73602845	-0.34305642	0.432843036	-0.4546177778
0.54245016	0.74319839	-0.08418177	1.5058092	-0.01534759	0.09012841	-0.243757114	-0.5968375677
-0.36150585	0.16077404	-0.76138335	-1.1788274	-1.02876264	-0.87566013	0.815887701	0.2783379623
-2.46410178	-1.41162306	-0.76138335	-1.5110438	-1.41413267	-1.26939485	-1.412374442	-1.4883476012
-2.87469186	-1.89810283	-1.04900607	-1.5110438	-1.41413267	-1.26939485	-1.492360657	-1.4883476012
1.56644522	0.7037327	0.49106367	0.7954345	1.6261125	0.09012841	0.4322733	-0.3100059359
-0.85650885	-0.8686644	-0.15405982	-0.5054261	-0.40071761	-0.87566013	-0.111791951	0.0560195901
0.19621641	-0.15082977	-0.44168254	0.7954345	-1.41413267	-1.26939485	-0.593196229	-0.7464888906
-2.07102621	-0.7213691	0.84856445	-0.1732098	-0.78608764	-0.87566013	-0.97833069	-1.0251817353
2.31485331	0.83914298	2.81029116	1.4688358	1.58353585	1.74528111	-1.099772503	-1.2412822899
-1.80963335	-1.11190428	-0.76138335	-0.82364	-0.01534759	-1.26939485	-0.707364247	-1.4883476012
3.28221818	1.19021247	1.84546685	0.8643475	0.56263826	1.01646684	0.013309582	0.4553496351
0.65623662	0.87860867	-0.47376063	1.1875953	-0.40071761	0.48386312	-0.565066448	-0.4798633255
0.48952769	0.7037327	1.16826526	0.8553789	1.6261125	1.075122	0.5299702	0.3989729884
3.28597215	1.52939694	1.84546685	0.5001916	2.34679336	1.6064121	-0.073330461	0.7463950938
2.56857469	-0.39406965	1.48796607	1.5287803	0.66275663	0.58328201	-1.161686901	-1.2939105007
1.66875438	0.74319839	0.9505206	1.1735929	1.24074247	1.80393627	-0.209755305	-0.1317483248
-1.28525681	-0.8686644	0.20344095	-0.5054261	-0.40071761	-0.24495114	-0.037429569	-0.1489284043
1.86678462	0.74319839	1.52576604	0.537165	0.41259908	1.075122	-0.52188534	-1.296922052
-2.44287953	-1.65486295	-1.04900607	-1.1928299	-1.41413267	-1.26939485	-0.76127425	-1.1129982418
1.81673969	0.74319839	0.88064254	0.5001916	1.24074247	1.11457212	-0.693256726	-0.6777980191
-1.88446766	-0.28624004	-0.08418177	-0.5054261	-0.6934518	-0.87566013	-0.374558124	-0.3900171639
-1.26524366	0.3921289	-1.04900607	-0.5054261	-0.40071761	0.09012841	0.129600295	-0.5350229182
-1.58766686	0.26860365	-1.04900607	-0.8376425	-0.73602845	-0.87566013	-0.867808581	-0.7636854463
3.53170576	1.08238286	2.20296763	0.5511675	1.91884669	-0.24495114	0.148883596	-0.8591239182
-1.30944908	-1.07243859	-0.08418177	-0.4684526	-1.07882183	-0.93431529	-0.910045882	-1.2185486874
0.81130472	1.19021247	-0.18613791	-0.5054261	-1.41413267	-0.26415618	0.207687524	-0.54846548
-0.32212573	0.16077404	-0.15405982	0.1819776	0.56263826	-0.24495114	-1.195387129	-1.095858182
2.02658553	0.7037327	1.84546685	-0.82364	1.3333783	1.50830683	-0.276843891	-0.4522655304
-2.99620447	-1.20784887	-1.04900607	-1.5110438	-1.41413267	-0.87566013	1.193895601	1.3708620431
-2.17644599	-1.65486295	-0.47376063	-1.1558564	-1.12139847	-0.87566013	-1.04758801	-1.2121422835
0.23628613	0.16077404	0.88064254	0.5001916	0.61269744	0.77949256	0.828438237	0.5764593979
-1.34633057	-0.04300016	-0.08418177	0.2049487	-0.78608764	-1.26939485	-0.728615661	-0.3313615382
3.72429871	0.87860867	0.88064254	1.8240232	1.96142333	0.20743873	-1.173860212	-0.9391332848
-0.78542851	-0.73325412	-1.04900607	-1.5110438	-1.41413267	-1.26939485	-1.332388226	-1.0684097934
1.71150675	0.74319839	1.16826526	0.5001916	0.61269744	1.075122	1.033346917	0.1727788937
0.61940137	-0.15082977	-1.04900607	0.1590066	-0.35814097	-0.97376541	-1.355290433	-1.4883476012
-0.25332582	-0.28624004	-1.04900607	-0.8376425	-0.49335344	-0.87566013	2.675819224	2.4547497933
1.75756462	0.74319839	-1.04900607	1.8380256	1.24074247	0.87759784	-0.801999013	-0.9435089402
-0.8331697	-1.31567848	-0.76138335	-1.1558564	-0.40071761	-0.48192542	1.00331815	0.9653351148
-0.8550353	0.74319839	-1.04900607	-0.5423996	-0.40071761	-1.26939485	-0.724066366	-0.0822227702
-0.96257198	-0.04300016	-0.12198174	-0.5054261	-0.10798342	-0.14684587	0.249794923	0.3162805455
-1.72504849	-1.65486295	-1.04900607	-0.8606135	-1.41413267	-1.26939485	-0.209109925	-0.3578623232
1.32342001	-0.38218463	-1.04900607	-0.1872122	0.2773866	1.01646684	0.389589648	0.4034182159
0.29106105	-0.62542451	0.23551904	-0.4684526	-0.73602845	-1.26939485	-1.051164792	-0.9610067854
-1.24000581	-1.31567848	-0.76138335	-1.5110438	-1.02876264	-1.26939485	0.482230749	-0.2755115994
0.90969637	-0.13894474	-0.40388258	0.8693814	0.94800828	0.42520797	-0.44604249	-0.3508734127
-0.81708249	-0.63730953	-0.47376063	-1.5110438	0.07728824	-0.24495114	-1.070018313	-0.1180339057
-0.36352465	-0.15082977	-0.76138335	-1.1788274	-0.40071761	-0.63868585	-1.492360657	-1.0222844316
1.04370575	1.19021247	0.81076448	0.8553789	1.6261125	1.41020155	0.855793607	0.8168624893
1.42661122	1.29804208	2.81029116	0.8413765	1.24822501	0.20743873	2.430453936	2.9259874353
-2.37571669	-1.31567848	-1.04900607	-1.5110438	-1.41413267	-1.26939485	-1.03844078	-1.0999097353
-0.44385654	-0.52947993	-0.76138335	-1.1788274	-0.35814097	-1.26939485	-1.215194127	-1.1796468734
-1.16543313	-0.38218463	-1.04900607	-0.4914237	-1.02876264	-1.26939485	-1.492360657	-1.0886656783
-2.41281638	-1.65486295	-1.04900607	-1.5110438	-1.41413267	-1.26939485	-1.177986244	-1.4404912139
-0.72684494	-0.8686644	-1.04900607	-1.5110438	-1.41413267	-0.87566013	-0.830128794	-0.7026840567
2.13231879	-1.45108875	-0.47376063	-1.5110438	-1.41413267	-1.26939485	2.378564603	3.6679703992
-2.18338537	-1.89810283	-1.04900607	-1.5110438	-1.41413267	-1.26939485	-0.841191338	-1.4883476012
0.68000374	-0.39406965	-0.08418177	1.1875953	0.90543163	0.0506783	0.36341224	0.244839065
-1.84758617	-1.55891836	-0.76138335	-0.82364	-1.41413267	-1.26939485	0.019585313	0.108566237
2.61398921	1.19021247	1.16826526	1.1875953	1.6261125	1.21267739	0.195409863	0.3975464651
-2.06662889	-1.11190428	-1.04900607	0.5001916	-1.07882183	-0.87566013	-1.089894438	-1.0463280137
0.07306673	0.74319839	-0.08418177	-0.1732098	-0.40071761	0.38575785	-0.843735705	-0.2877761673
0.72774493	0.74319839	0.20344095	0.1450042	0.2773866	1.11457212	0.782684928	0.9857632098
1.57856869	0.74319839	1.20034335	1.1506218	0.61269744	1.17322727	1.871686748	1.6907645216
-2.56084793	-0.38218463	-0.76138335	-0.5054261	-1.41413267	-0.93431529	0.462354624	0.2057405763
-0.77231413	-0.19029546	-1.04900607	-0.8606135	0.94800828	-0.20550102	0.306687293	-0.187005423
-2.83970906	-1.45108875	-1.04900607	-1.5110438	-1.41413267	-1.26939485	-1.175511004	-1.3418655694
-2.66833837	-0.52947993	-1.04900607	-0.8606135	-0.78608764	-1.26939485	0.344757748	-0.2162149731
-1.65244835	-1.89810283	-0.76138335	-1.5110438	-1.41413267	-1.26939485	-1.492360657	-1.4561595207
-0.39847984	0.63536878	0.56094173	1.1276508	1.24074247	0.0506783	-0.571738439	-1.2987011345
2.16799118	0.94697259	1.84546685	0.8553789	1.29080166	1.80393627	0.196940369	0.312029922
-2.09436536	-1.11190428	-1.04900607	-1.1558564	-1.41413267	-1.26939485	-0.927515894	-0.8580464677
1.39549968	0.94697259	-0.08990365	1.8010521	0.61269744	0.93625299	-0.186673105	-0.0353338657
1.06872822	-0.97649401	-1.04900607	-1.1558564	-0.44329426	-0.34305642	-1.492360657	-1.4404912139
-2.25584958	-1.65486295	-1.04900607	-1.5110438	-1.41413267	-1.26939485	-1.412374442	-1.4883476012
-1.19040935	-0.49001424	-1.04900607	-1.1558564	-1.41413267	-0.24495114	-1.412374442	-1.4404912139
-1.64641395	-1.89810283	-1.04900607	-1.5110438	-1.41413267	-1.26939485	-0.487703538	-0.3277562375
-2.22630408	-0.97649401	-1.04900607	-0.800669	-1.41413267	-1.26939485	-1.412374442	-1.3232160353
0.57617478	-0.52947993	0.20344095	2.1562395	1.29080166	0.68138729	0.293149508	0.0753022368
0.96162512	0.49995851	-0.08418177	1.5058092	-0.10798342	0.09012841	-0.896762809	-1.4404912139
-0.33752335	-0.73325412	-1.04900607	-0.82364	-0.73602845	-0.87566013	-1.375166558	-0.9259432782
1.19459191	0.25671862	-1.04900607	1.5058092	1.3333783	0.87759784	1.407683356	1.3601780309
-0.35938895	-0.52947993	-0.08418177	1.1506218	0.56263826	0.09012841	-0.29824337	0.326114882
-1.30733218	-0.38218463	-1.04900607	-1.5110438	-1.41413267	-0.63868585	-1.195387129	-1.3135409783
-1.6622914	-0.8686644	-1.04900607	-1.5110438	-1.07882183	-0.14684587	-0.526028705	-0.4765528782
-2.02827384	-1.41162306	-0.76138335	-1.5110438	-1.41413267	-0.87566013	-0.872837998	-1.2624615008
-0.33980378	-0.28624004	-1.04900607	0.2049487	-1.07882183	-0.48192542	-0.693058569	-1.0074051241
0.53869618	1.19021247	-0.44168254	1.5287803	0.61269744	0.87759784	1.493224278	1.0973214641
3.21341827	1.77263683	-0.40960446	1.8010521	2.63952755	1.4294066	2.263258814	3.4069248567
1.63149116	0.94697259	-0.08418177	0.8184055	1.6261125	0.77949256	0.261502848	0.0059144703
1.52494821	1.32562275	0.23551904	1.8010521	0.37002244	-0.87566013	-1.401645547	-1.3710724226
1.16776041	-0.17841043	1.52576604	1.1735929	0.70533327	0.54251828	0.397619594	1.1578435474
-0.9963891	-1.11190428	-0.76138335	-0.5194286	-1.07882183	-0.04742698	-0.891217914	-1.1477007552
-0.02320803	0.40401392	-0.08418177	-0.5054261	0.61269744	-0.24495114	0.540165587	0.3208767073
-2.90406541	-1.41162306	-0.76138335	-1.5110438	-1.41413267	-0.87566013	-1.412374442	-1.4883476012
-1.36777102	-0.8686644	-0.76138335	-0.5054261	-0.10798342	-0.54058058	-0.798551261	-1.0795071711
-1.18484635	-0.82919871	-1.04900607	-0.1362363	-1.12139847	-1.26939485	-1.392567443	-1.275359648
-2.22022344	-0.8686644	-1.04900607	-1.5110438	-1.41413267	-0.93431529	0.045154398	-0.8593982209
0.52265521	0.5394242	0.52314176	0.514194	1.6261125	0.44441301	1.290489257	1.1487569071
-2.53290169	-0.8686644	-1.04900607	-1.1928299	-1.41413267	-1.26939485	-1.264575322	-0.9069443878
0.13915825	-0.77271981	-1.04900607	-0.82364	-1.07882183	-1.26939485	1.468259758	0.8126289506
-0.8352866	-1.11190428	-1.04900607	-1.5110438	-1.41413267	-0.87566013	-0.751121608	-1.3450857689
-0.03787355	0.49995851	-0.44168254	0.5231626	-0.78608764	-0.14684587	0.292976031	-0.189029703
-2.08892245	-1.20784887	-1.04900607	-1.5110438	-1.41413267	-1.26939485	-1.355290433	-1.4883476012
-0.04887385	0.49995851	-1.04900607	-0.8466111	-1.41413267	-1.26939485	-1.492360657	-1.2606824182
-1.9434792	-0.73325412	-1.04900607	-0.5423996	-1.41413267	-0.87566013	-1.295180343	-1.275359648
-1.68959429	-1.31567848	-1.04900607	-1.5110438	-1.41413267	-1.26939485	-0.662453549	-1.1053445374
-1.88658456	-0.15082977	-1.04900607	-0.800669	-1.41413267	-1.26939485	-1.355290433	-1.4883476012
1.06143565	1.43345236	1.4501661	1.8240232	2.25415753	1.6064121	-1.177986244	-0.7211747036
-2.35221401	-1.11190428	-1.04900607	-1.1558564	-1.41413267	-1.26939485	-0.622150457	-0.4969477095
-2.41885078	-1.55891836	-1.04900607	-1.5110438	-1.12139847	-0.93431529	0.490398949	0.1417457227
-2.68236054	-0.39406965	-1.04900607	-0.8466111	-0.49335344	-1.26939485	-0.990032097	-0.8328336442
3.62987922	2.21965091	0.20344095	2.1562395	2.25415753	2.13901582	1.860778785	2.5076993226
-0.27164722	0.5394242	1.85118873	-1.5110438	-0.10798342	0.09012841	-1.310930436	-1.3232160353
0.66232569	-1.89810283	-1.04900607	-0.4914237	-0.64339262	-1.26939485	0.310556911	-0.0913044164
-2.2915654	-1.31567848	-1.04900607	-0.8376425	-1.41413267	-1.26939485	-1.492360657	-1.3232160353
-1.98423196	-1.89810283	-1.04900607	-1.5110438	-1.41413267	-1.26939485	-0.990032097	-1.4521079674
1.24005267	0.74319839	-1.04900607	1.1735929	-0.01534759	-0.20550102	-1.392567443	-1.4404912139
1.08282143	1.19021247	-0.08418177	1.5058092	1.29080166	1.21267739	-0.158147065	0.7063788767
-0.22395227	-0.08246585	-1.04900607	0.1450042	-0.73602845	-0.87566013	-0.191778167	-0.0188037144
1.29900954	-0.04300016	-0.76138335	-0.800669	-0.40071761	-0.63868585	-0.502550245	-0.3236374329
-3.03605598	-1.89810283	-1.04900607	-1.5110438	-1.41413267	-1.26939485	-0.456195131	-0.7259691667
-2.19274859	-0.62542451	-0.44168254	-0.1732098	-0.78608764	-0.54058058	-0.799523773	-0.5286689957
0.25919731	0.3921289	-1.04900607	0.4632181	0.26990406	-0.18629598	0.688367483	0.8515086262
0.79019975	0.83914298	0.88064254	2.5114269	1.91884669	1.17322727	-1.412374442	-1.3772738493
0.9588102	0.60778812	-0.6915053	-0.8376425	-0.4507768	-0.59923574	-0.551821499	-0.854527716
0.29862367	1.77263683	1.16826526	1.1735929	-0.40071761	-0.3036063	0.92545463	0.8746858334
2.42726714	0.25671862	0.49106367	1.5058092	0.94800828	1.50830683	-0.248862176	-0.3120496912
-0.26660654	0.63536878	1.13618717	0.537165	-0.06540677	1.075122	1.090257449	0.883781092
-0.63893968	0.29618431	0.20344095	0.8184055	0.90543163	-0.24495114	0.329781138	-0.0970179828
-1.43195541	0.40401392	-1.04900607	-1.5110438	-0.82866428	-1.26939485	-1.332388226	-0.2261681404
1.39495724	0.25671862	-0.37180449	1.5058092	-0.40071761	1.80393627	-0.77042148	-1.3348327889
-1.30462378	-0.19029546	-0.15405982	0.4632181	0.61269744	-0.24495114	1.800847763	1.0587192072
-0.59157179	-0.82919871	-0.15405982	-0.5054261	-0.6934518	-1.26939485	-0.582467334	-0.7152052444
-1.77358205	-0.8686644	0.49106367	-0.800669	1.6261125	-0.24495114	-0.879509989	-1.2855610251
1.37368875	0.29618431	0.23551904	0.5231626	-0.01534759	-0.26415618	-1.049514001	-0.2455752535
1.46387444	1.77263683	1.41808801	0.8553789	1.91884669	1.90204154	0.520289462	0.592965239
-0.64333701	-0.52947993	-1.04900607	-0.4684526	-1.41413267	-0.93431529	-1.232595013	-0.8553675151
1.03793298	1.52939694	2.16516766	-0.4824551	0.22732742	0.34630773	-0.368679579	0.0006815295
0.01013769	-0.8686644	-0.08418177	-0.5054261	-0.40071761	-0.54058058	-0.97833069	-1.1536346201
-1.78163244	-1.89810283	-1.04900607	-1.5110438	-1.41413267	-1.26939485	-0.426235491	-1.157415092
1.43100854	1.43345236	0.48534179	1.1506218	0.61269744	1.21267739	-0.614051384	-0.287064005
-3.25172645	-0.97649401	-1.04900607	-1.5110438	-1.41413267	-1.26939485	-1.024616677	-1.4561595207
-1.04973954	-0.15082977	-0.6915053	0.8184055	-0.10798342	0.14878357	-0.605945793	-0.3071742216
0.59891683	1.19021247	-0.08418177	0.8553789	1.6261125	0.91704795	2.759451349	3.7754519612
1.70632547	0.26860365	1.87754494	0.5001916	1.6261125	0.42520797	1.224431494	0.9992664401
-1.15304803	-0.08246585	0.56094173	0.4632181	0.90543163	0.42520797	0.024346575	1.0333352349
0.16472597	-0.52947993	-1.04900607	-0.1872122	0.94800828	-0.14684587	1.284411682	1.0632484004
0.69958891	-0.19029546	-0.08418177	0.5231626	-0.40071761	0.09012841	2.086119883	1.1310689913
-1.70589689	-0.82919871	-0.44168254	-1.5110438	-1.07882183	-1.26939485	-0.308972266	0.1504153818
-1.96681835	-0.62542451	-1.04900607	-1.1928299	-1.41413267	-1.26939485	-1.412374442	-1.3232160353
-1.70627861	0.29618431	-0.08418177	0.8413765	-0.40071761	-0.54058058	-1.321659331	-1.4883476012
-0.24961809	1.19021247	-0.47376063	-0.1732098	0.5701208	-0.20550102	-0.359377767	-0.1601980777
-1.97660672	-1.31567848	0.20344095	-0.5054261	-0.73602845	-0.87566013	-0.719537558	-0.6404485141
-1.02761792	-0.19029546	-0.76138335	-0.8376425	-1.41413267	1.50830683	-0.325099584	-0.9904502376
-0.28688131	-0.52947993	0.20344095	0.4772205	0.47000242	-1.26939485	-0.819330772	-0.8273260439
2.13961136	1.19021247	1.20606523	1.1276508	0.94800828	-0.24495114	1.122130142	0.7320434857
1.07683327	-0.08246585	-1.04900607	-0.5054261	-0.40071761	-0.34305642	-1.047116106	-0.4297738815
-1.69415514	-1.65486295	-0.40960446	-1.5110438	-1.41413267	-1.26939485	-1.492360657	-1.3710724226
-0.37711325	0.29618431	-0.11625986	-0.5054261	-0.73602845	-1.26939485	-1.275304217	-1.4883476012
-1.28503861	-0.04300016	-1.04900607	-1.1558564	-0.73602845	-0.93431529	-0.739061139	-1.2813528979
-1.50717145	-1.31567848	-1.04900607	-1.5110438	-1.41413267	-1.26939485	-0.967532668	-1.2501056668
-2.27447885	-1.89810283	-1.04900607	-1.5110438	-1.41413267	-1.26939485	-0.591545437	-0.2646913571
-2.17523407	-1.55891836	-0.44168254	-0.4914237	-1.41413267	-1.26939485	-1.492360657	-1.3348327889
3.11524481	0.851028	1.84546685	0.8094369	1.29080166	1.50830683	-0.858661351	-0.6785261449
0.4092939	-0.28624004	-1.04900607	-0.5054261	-0.01534759	-0.97376541	0.986320041	0.6361663266
-1.94511628	-1.11190428	-1.04900607	-1.5110438	-1.41413267	-1.26939485	-1.152608798	-1.3051591414
