   257.000     39.000     17.000     28.000     23.000     19.000    176.000    130.000      0.000      0.000      0.000      1.000      4.000
   411.000     66.000     52.000     68.000     52.000     22.000     57.000    129.000      0.000      0.000      1.000      0.000      3.000
   100.000     41.000     17.000     28.000     23.000     19.000    156.000    102.000      0.000      0.000      0.000      1.000      4.000
    97.000     12.000     12.000     68.000     23.000     12.000     33.000     40.000      0.000      0.000      0.000      1.000      4.000
   415.000     70.000     73.000     75.000     64.000     67.000    406.000    369.000      1.000      0.000      0.000      0.000      1.000
   251.000     39.000     16.000     28.000     23.000     19.000    240.000    287.000      0.000      0.000      0.000      1.000      4.000
   102.000     53.000     19.000     37.000     20.000     56.000     61.000    282.000      0.000      0.518      0.002      0.479      2.000
   481.000     40.000     14.000     15.000     10.000      6.000    241.000    289.000      0.000      0.000      0.000      1.000      4.000
   244.000     29.000     17.000     28.000     22.000     16.000    240.000    287.000      0.000      0.000      0.000      1.000      4.000
   255.000     36.000     16.000     28.000     23.000     18.000    200.000    193.000      0.000      0.000      0.000      1.000      4.000
   383.000     53.000     62.000     48.000     32.000     48.000     55.000    350.000      0.003      0.028      0.968      0.000      3.000
   516.000     76.000     33.000     51.000     33.000     67.000    331.000    361.000      0.553      0.002      0.445      0.000      1.000
   433.000     53.000     28.000     33.000     10.000     22.000    228.000    205.000      0.000      0.363      0.000      0.637      4.000
   370.000     70.000     62.000     53.000     53.000     52.000    158.000    186.000      0.281      0.000      0.719      0.000      3.000
    53.000     26.000      9.000     15.000     10.000      6.000     30.000    148.000      0.000      0.000      0.000      1.000      4.000
   279.000     41.000     17.000     28.000     23.000     19.000    140.000     88.000      0.000      0.000      0.000      0.999      4.000
   372.000     56.000     53.000     40.000     39.000     60.000    268.000    128.000      0.037      0.000      0.962      0.000      3.000
    10.000     12.000     17.000     11.000      9.000      5.000     76.000    161.000      0.000      0.000      0.000      1.000      4.000
    29.000     74.000     10.000     34.000     29.000     21.000    341.000    375.000      0.000      0.002      0.000      0.998      4.000
   249.000      6.000     17.000     28.000     23.000     19.000    326.000    441.000      0.000      0.000      0.000      1.000      4.000
   192.000      5.000     17.000     21.000     23.000     19.000    241.000    289.000      0.000      0.000      0.000      1.000      4.000
   379.000     50.000     17.000     25.000     24.000     19.000    157.000    288.000      0.000      0.002      0.001      0.997      4.000
   187.000     27.000     16.000     28.000     23.000     19.000     65.000    287.000      0.000      0.000      0.000      1.000      4.000
   186.000     41.000     20.000     28.000     23.000     19.000    138.000    271.000      0.000      0.000      0.000      1.000      4.000
   323.000     64.000     44.000     78.000     52.000     67.000    407.000    436.000      0.996      0.000      0.004      0.000      1.000
   510.000     84.000     57.000     69.000     61.000     83.000    454.000    392.000      1.000      0.000      0.000      0.000      1.000
   105.000     35.000     17.000     14.000     20.000      6.000     56.000    177.000      0.000      0.000      0.000      1.000      4.000
   198.000     28.000     17.000     21.000     30.000     22.000    253.000    351.000      0.000      0.000      0.000      1.000      4.000
   381.000     68.000     54.000     42.000     59.000     58.000    360.000    420.000      0.871      0.000      0.129      0.000      1.000
   263.000     41.000     17.000     28.000     23.000     19.000    240.000    289.000      0.000      0.001      0.000      0.999      4.000
   330.000     17.000     17.000     43.000      1.000     52.000    168.000     62.000      0.000      0.786      0.000      0.214      2.000
   548.000     83.000     57.000     79.000     59.000     83.000    310.000    360.000      1.000      0.000      0.000      0.000      1.000
   286.000     26.000     17.000     25.000     18.000     19.000    332.000    293.000      0.000      0.000      0.000      1.000      4.000
   245.000     41.000     17.000     28.000     23.000     17.000    228.000    289.000      0.000      0.000      0.000      1.000      4.000
   475.000     44.000     30.000     34.000     52.000     21.000     19.000    305.000      0.000      0.000      0.999      0.001      3.000
   464.000     48.000     51.000     42.000     63.000     78.000    306.000     74.000      0.985      0.000      0.015      0.000      1.000
   419.000     53.000     37.000     51.000      3.000     32.000    232.000    283.000      0.000      0.995      0.000      0.005      2.000
   260.000     20.000     16.000     28.000     23.000     21.000    151.000    171.000      0.000      0.000      0.000      1.000      4.000
   486.000     55.000     37.000     16.000     39.000     19.000    221.000    255.000      0.000      0.000      0.843      0.156      3.000
   304.000     44.000     13.000     15.000     15.000      6.000     86.000     17.000      0.000      0.000      0.000      1.000      4.000
   181.000     35.000     17.000     28.000     23.000     19.000    234.000    210.000      0.000      0.000      0.000      1.000      4.000
   151.000     51.000     26.000     33.000      8.000     36.000    231.000    159.000      0.000      0.258      0.000      0.742      4.000
   237.000     35.000      6.000     25.000     23.000     19.000    142.000    165.000      0.000      0.000      0.000      1.000      4.000
   116.000     41.000     17.000     28.000     23.000     19.000    241.000    282.000      0.000      0.000      0.000      1.000      4.000
   256.000     26.000     37.000     15.000     23.000     12.000    286.000    359.000      0.000      0.000      0.000      1.000      4.000
   104.000      5.000     17.000     28.000     23.000     16.000    238.000    181.000      0.000      0.000      0.000      1.000      4.000
   145.000     32.000     16.000      8.000     22.000     11.000    217.000    113.000      0.000      0.000      0.000      1.000      4.000
    13.000     14.000     13.000     28.000     33.000     12.000     38.000     37.000      0.000      0.000      0.000      1.000      4.000
   199.000      8.000      2.000     22.000     16.000     21.000    192.000    271.000      0.000      0.000      0.000      1.000      4.000
   266.000     41.000     16.000     25.000     23.000     17.000    241.000    289.000      0.000      0.000      0.000      1.000      4.000
   373.000     44.000     62.000     15.000      3.000      6.000    251.000    336.000      0.000      0.032      0.000      0.968      4.000
   540.000     81.000     65.000     69.000     67.000     75.000    375.000    394.000      1.000      0.000      0.000      0.000      1.000
   399.000     66.000     54.000     45.000     52.000     67.000     32.000    333.000      0.733      0.000      0.267      0.000      1.000
   193.000     21.000     36.000     28.000     23.000     19.000      7.000     23.000      0.000      0.000      0.000      1.000      4.000
   180.000     41.000     17.000     28.000     23.000     18.000    215.000    204.000      0.000      0.000      0.000      1.000      4.000
   135.000     12.000     17.000     11.000     23.000     19.000    221.000    286.000      0.000      0.000      0.000      1.000      4.000
   136.000     40.000     17.000     25.000     18.000     19.000    160.000    189.000      0.000      0.000      0.000      1.000      4.000
    12.000      6.000      2.000     37.000     30.000     66.000    315.000    422.000      0.000      0.001      0.002      0.997      4.000
   322.000     15.000      4.000     26.000     10.000     19.000    241.000    252.000      0.000      0.000      0.000      1.000      4.000
   374.000     77.000     37.000     72.000      3.000     22.000     11.000      9.000      0.000      1.000      0.000      0.000      2.000
   195.000     53.000     13.000     20.000     23.000     19.000    226.000    289.000      0.000      0.000      0.000      1.000      4.000
   176.000     21.000      6.000     20.000     23.000     12.000     38.000     25.000      0.000      0.000      0.000      1.000      4.000
   385.000      2.000     45.000     46.000     36.000     16.000    241.000    207.000      0.000      0.000      0.072      0.928      4.000
   253.000     36.000     16.000     28.000     23.000     16.000    128.000    175.000      0.000      0.000      0.000      1.000      4.000
   544.000     69.000     72.000     80.000     68.000     76.000    241.000    238.000      1.000      0.000      0.000      0.000      1.000
   477.000     12.000     18.000     29.000     40.000      7.000    239.000    334.000      0.000      0.000      0.016      0.984      4.000
    93.000     28.000      1.000     13.000     37.000     12.000     90.000    136.000      0.000      0.000      0.000      1.000      4.000
    21.000     47.000     16.000     55.000     23.000     42.000      2.000    183.000      0.000      0.116      0.001      0.883      4.000
   524.000     53.000      2.000     61.000     49.000     63.000    368.000    292.000      0.069      0.000      0.931      0.000      3.000
   285.000     39.000     16.000     27.000     23.000     12.000    235.000    213.000      0.000      0.000      0.000      1.000      4.000
   371.000     53.000      2.000      6.000     31.000      6.000      1.000    112.000      0.000      0.000      0.000      1.000      4.000
    19.000     74.000     61.000     60.000     42.000     35.000     73.000    104.000      0.000      0.006      0.990      0.003      3.000
   367.000      5.000     61.000     42.000     52.000     35.000    241.000    289.000      0.000      0.000      0.999      0.000      3.000
   513.000     70.000     44.000     75.000     61.000     72.000    338.000    461.000      1.000      0.000      0.000      0.000      1.000
   252.000     33.000     17.000     20.000     20.000     17.000    240.000    244.000      0.000      0.000      0.000      1.000      4.000
   506.000     81.000     63.000     55.000     59.000      6.000    320.000    325.000      0.000      0.000      1.000      0.000      3.000
   117.000     31.000     12.000     26.000     10.000     17.000    256.000     11.000      0.000      0.000      0.000      1.000      4.000
   127.000     69.000     70.000      6.000     23.000     17.000    239.000    289.000      0.000      0.006      0.000      0.994      4.000
   299.000     55.000     28.000     21.000     17.000     12.000    252.000    320.000      0.000      0.003      0.000      0.997      4.000
   185.000     26.000     22.000     25.000     20.000     17.000    235.000    179.000      0.000      0.000      0.000      1.000      4.000
    57.000     23.000      2.000     15.000      4.000     13.000     50.000     59.000      0.000      0.000      0.000      1.000      4.000
   313.000      8.000      4.000     12.000     10.000     23.000    201.000     39.000      0.000      0.000      0.000      1.000      4.000
   296.000     63.000     44.000     75.000      3.000     17.000    223.000    274.000      0.000      0.999      0.000      0.001      2.000
   534.000     53.000     62.000     68.000     59.000     75.000     87.000     92.000      0.997      0.000      0.003      0.000      1.000
   282.000      5.000     12.000     68.000     52.000     23.000    114.000    147.000      0.000      0.000      0.935      0.065      3.000
   326.000     58.000     17.000      9.000     21.000     17.000    226.000    289.000      0.000      0.000      0.000      1.000      4.000
   347.000     45.000     39.000     33.000      3.000     44.000    363.000     67.000      0.000      0.964      0.000      0.036      2.000
   360.000     21.000     17.000     72.000     20.000      7.000    241.000    289.000      0.000      0.015      0.000      0.985      4.000
   554.000     89.000     67.000     80.000     68.000     86.000    229.000    289.000      1.000      0.000      0.000      0.000      1.000
   414.000     12.000     16.000     28.000     18.000     14.000    178.000    216.000      0.000      0.000      0.000      1.000      4.000
   152.000     36.000      2.000     62.000     10.000     23.000    241.000    289.000      0.000      0.056      0.000      0.944      4.000
   292.000     12.000     19.000     27.000     26.000     14.000    180.000    215.000      0.000      0.000      0.000      1.000      4.000
   487.000     83.000     24.000     77.000     56.000     74.000    323.000     36.000      0.991      0.000      0.009      0.000      1.000
   422.000      8.000      6.000     15.000      3.000     35.000    204.000    251.000      0.000      0.002      0.000      0.998      4.000
   389.000     47.000     74.000     61.000     44.000     72.000    113.000    284.000      0.983      0.000      0.017      0.000      1.000
   280.000     41.000     17.000     28.000     23.000     19.000    240.000    289.000      0.000      0.001      0.000      0.999      4.000
     8.000     73.000     56.000      5.000     61.000     47.000    334.000     32.000      0.000      0.000      0.999      0.000      3.000
   427.000     76.000     24.000     68.000     59.000     70.000     24.000    349.000      0.913      0.000      0.087      0.000      1.000
   448.000     85.000      2.000     68.000     62.000     46.000    153.000    126.000      0.004      0.000      0.996      0.000      3.000
   424.000     55.000     12.000     62.000     47.000     22.000    241.000    234.000      0.000      0.000      1.000      0.000      3.000
    22.000     26.000      2.000     15.000     20.000      6.000     10.000     95.000      0.000      0.000      0.000      1.000      4.000
   230.000     29.000     16.000     28.000     23.000     17.000    233.000    185.000      0.000      0.000      0.000      1.000      4.000
   280.000     41.000     17.000     28.000     23.000     19.000    174.000    281.000      0.000      0.001      0.000      0.999      4.000
   166.000     32.000     17.000     28.000     20.000     19.000    196.000    226.000      0.000      0.000      0.000      1.000      4.000
   382.000     44.000     53.000     51.000     39.000      6.000    262.000      2.000      0.000      0.001      0.850      0.149      3.000
   168.000     40.000     17.000     28.000     23.000     12.000    139.000     87.000      0.000      0.000      0.000      1.000      4.000
   355.000     70.000     52.000     73.000     45.000     79.000     87.000     50.000      0.988      0.000      0.012      0.000      1.000
   278.000     39.000     17.000     28.000     23.000     19.000    235.000    289.000      0.000      0.000      0.000      0.999      4.000
   201.000     31.000     17.000     23.000     23.000     14.000     93.000    135.000      0.000      0.000      0.000      1.000      4.000
   522.000     82.000     24.000     64.000     67.000     56.000    448.000    424.000      0.967      0.000      0.033      0.000      1.000
    17.000     44.000      2.000     15.000     31.000      3.000     16.000    302.000      0.000      0.000      0.000      1.000      4.000
   129.000     53.000     37.000     62.000     21.000     22.000    163.000    289.000      0.000      0.365      0.002      0.632      4.000
   274.000     41.000     17.000     28.000     23.000     19.000    194.000    289.000      0.000      0.001      0.000      0.999      4.000
   336.000     44.000     38.000     45.000     10.000     48.000      6.000    324.000      0.000      0.985      0.000      0.015      2.000
   271.000     41.000     17.000     28.000     23.000     19.000    241.000    289.000      0.000      0.001      0.000      0.999      4.000
   403.000     72.000     37.000     67.000     32.000     60.000     17.000    254.000      0.041      0.047      0.911      0.000      3.000
   412.000     66.000     39.000     66.000     21.000     22.000     14.000    205.000      0.000      0.948      0.036      0.015      2.000
   413.000     74.000     39.000     62.000     52.000     57.000    259.000     75.000      0.284      0.000      0.716      0.000      3.000
   535.000     76.000     62.000     68.000     59.000     75.000    240.000    230.000      1.000      0.000      0.000      0.000      1.000
   487.000     67.000      5.000     80.000     59.000     23.000    217.000    279.000      0.000      0.000      1.000      0.000      3.000
     9.000      5.000     12.000     23.000     21.000     19.000    178.000    199.000      0.000      0.000      0.000      1.000      4.000
   416.000      8.000     34.000     12.000     68.000     31.000    364.000    426.000      0.000      0.000      1.000      0.000      3.000
   142.000     26.000      2.000      3.000     10.000     12.000    378.000    440.000      0.000      0.000      0.000      1.000      4.000
   460.000     66.000     39.000     55.000     53.000     35.000    197.000    222.000      0.001      0.000      0.999      0.000      3.000
   393.000     63.000     38.000     40.000     44.000     23.000    240.000    278.000      0.000      0.000      0.998      0.001      3.000
   473.000     53.000     62.000     37.000     59.000     32.000    112.000    134.000      0.000      0.000      1.000      0.000      3.000
   242.000     39.000     17.000     26.000     23.000     17.000    238.000    273.000      0.000      0.000      0.000      1.000      4.000
   332.000     17.000      2.000     15.000     31.000     21.000     26.000     51.000      0.000      0.000      0.000      1.000      4.000
    16.000     53.000     24.000     42.000     23.000     20.000    226.000    156.000      0.000      0.002      0.000      0.998      4.000
   545.000     81.000     44.000     80.000     59.000     65.000    390.000    431.000      1.000      0.000      0.000      0.000      1.000
   188.000     39.000     17.000     28.000     23.000     19.000    119.000    268.000      0.000      0.000      0.000      1.000      4.000
   320.000      7.000     17.000     36.000     23.000     19.000    348.000    446.000      0.000      0.000      0.000      1.000      4.000
   249.000     41.000      5.000     25.000     23.000     19.000    234.000    289.000      0.000      0.000      0.000      1.000      4.000
   352.000     63.000      2.000     62.000     23.000     12.000    144.000    195.000      0.000      0.115      0.008      0.877      4.000
   348.000     67.000     33.000     68.000     47.000     67.000     59.000     80.000      0.256      0.000      0.743      0.000      3.000
   222.000     26.000      2.000     15.000     10.000      6.000    225.000    282.000      0.000      0.000      0.000      1.000      4.000
   234.000     40.000     17.000     28.000     23.000     19.000      9.000     20.000      0.000      0.000      0.000      1.000      4.000
   279.000     41.000     17.000     28.000     23.000     19.000    241.000    289.000      0.000      0.001      0.000      0.999      4.000
   497.000     89.000     49.000     75.000     48.000     70.000    226.000    250.000      0.998      0.000      0.002      0.000      1.000
   368.000     66.000     21.000     53.000     53.000     44.000    440.000    439.000      0.012      0.000      0.988      0.000      3.000
   295.000     59.000     39.000      7.000     46.000     80.000     28.000    343.000      0.070      0.000      0.930      0.000      3.000
    73.000     21.000      2.000      2.000     31.000     19.000    181.000    105.000      0.000      0.000      0.000      1.000      4.000
   291.000      7.000     68.000     55.000     42.000     21.000     58.000     93.000      0.000      0.000      0.842      0.158      3.000
   405.000     76.000     68.000     68.000     63.000     75.000    106.000     93.000      1.000      0.000      0.000      0.000      1.000
   279.000     41.000     13.000     28.000     23.000     19.000    202.000    280.000      0.000      0.000      0.000      1.000      4.000
   207.000     21.000     13.000     25.000     23.000     17.000    240.000    241.000      0.000      0.000      0.000      1.000      4.000
   258.000     21.000     17.000     28.000     23.000     19.000    129.000    174.000      0.000      0.000      0.000      1.000      4.000
   342.000     48.000     54.000     42.000     44.000     44.000     69.000    322.000      0.001      0.000      0.999      0.000      3.000
   167.000     47.000     18.000     25.000     17.000      2.000    317.000    355.000      0.000      0.000      0.000      1.000      4.000
   268.000     41.000     17.000     28.000     23.000     19.000    241.000    217.000      0.000      0.001      0.000      0.999      4.000
   339.000     53.000      6.000     37.000      3.000      3.000    335.000    323.000      0.000      0.012      0.000      0.988      4.000
   436.000     53.000     17.000     46.000     59.000     49.000     66.000    296.000      0.001      0.000      0.999      0.000      3.000
    18.000     81.000     52.000     55.000     48.000     66.000    392.000    378.000      0.925      0.000      0.075      0.000      1.000
   345.000     59.000     39.000     53.000     59.000     44.000    226.000    289.000      0.012      0.000      0.988      0.000      3.000
   554.000     89.000     39.000     80.000     68.000     86.000    467.000    508.000      1.000      0.000      0.000      0.000      1.000
   350.000     70.000     37.000     61.000     49.000     67.000    293.000    427.000      0.925      0.000      0.075      0.000      1.000
   307.000     23.000     17.000      5.000      6.000     14.000     83.000    297.000      0.000      0.000      0.000      1.000      4.000
   533.000     86.000     54.000     79.000     62.000     81.000    245.000    286.000      1.000      0.000      0.000      0.000      1.000
   553.000     89.000     74.000     80.000     68.000     86.000    464.000    499.000      1.000      0.000      0.000      0.000      1.000
   485.000     84.000     47.000     51.000     59.000     56.000    329.000    328.000      0.905      0.000      0.095      0.000      1.000
   538.000     89.000     68.000     34.000     68.000     80.000    108.000    149.000      1.000      0.000      0.000      0.000      1.000
   302.000     29.000     46.000     25.000     31.000     12.000    122.000     66.000      0.000      0.000      0.001      0.999      4.000
   248.000     40.000     17.000     28.000     23.000     19.000    144.000     86.000      0.000      0.000      0.000      1.000      4.000
   478.000     85.000     59.000     75.000     59.000     78.000    373.000    406.000      1.000      0.000      0.000      0.000      1.000
   525.000     77.000     32.000     72.000     55.000      7.000    408.000    372.000      0.000      0.000      1.000      0.000      3.000
   514.000      7.000     46.000      1.000     59.000     32.000    136.000    154.000      0.000      0.000      0.997      0.003      3.000
   374.000     65.000     24.000     37.000     42.000     12.000    412.000    453.000      0.000      0.000      0.949      0.051      3.000
   499.000     70.000     45.000     68.000     49.000     47.000    410.000    462.000      0.666      0.000      0.334      0.000      1.000
   554.000     89.000     74.000     80.000     68.000     86.000     87.000     98.000      1.000      0.000      0.000      0.000      1.000
   392.000     83.000     33.000     74.000     45.000     82.000    428.000    425.000      1.000      0.000      0.000      0.000      1.000
   517.000     76.000     48.000     68.000     59.000     75.000     80.000     83.000      0.996      0.000      0.004      0.000      1.000
   492.000     54.000     66.000     70.000     63.000     66.000    414.000    475.000      1.000      0.000      0.000      0.000      1.000
   363.000     66.000     17.000     45.000     59.000      2.000    193.000    227.000      0.000      0.000      0.999      0.001      3.000
    75.000      3.000      2.000     15.000     10.000     15.000     48.000    295.000      0.000      0.000      0.000      1.000      4.000
   174.000      3.000     17.000     27.000     18.000     17.000    423.000    468.000      0.000      0.000      0.000      1.000      4.000
   550.000     89.000     51.000     80.000     63.000     86.000    463.000    501.000      1.000      0.000      0.000      0.000      1.000
   456.000     65.000      2.000     60.000     45.000     37.000    359.000    411.000      0.000      0.000      1.000      0.000      3.000
   377.000     76.000     28.000     70.000     42.000     67.000    393.000    448.000      0.942      0.000      0.058      0.000      1.000
   528.000     84.000     56.000     79.000     65.000     58.000    405.000    373.000      1.000      0.000      0.000      0.000      1.000
   301.000      1.000     17.000     20.000      4.000     12.000    354.000    416.000      0.000      0.000      0.000      1.000      4.000
   164.000     30.000     17.000     28.000     23.000     19.000    431.000    464.000      0.000      0.000      0.000      1.000      4.000
   380.000     70.000     32.000     68.000      3.000     42.000    439.000    459.000      0.000      1.000      0.000      0.000      2.000
   492.000     23.000     17.000     19.000     13.000     19.000     64.000    198.000      0.000      0.001      0.000      0.999      4.000
   120.000     18.000     17.000     28.000     23.000     19.000    467.000    507.000      0.000      0.000      0.000      1.000      4.000
   488.000     76.000     38.000     43.000     45.000     44.000    231.000    163.000      0.002      0.000      0.998      0.000      3.000
   276.000     41.000     17.000     28.000     23.000     19.000    216.000    282.000      0.000      0.001      0.000      0.999      4.000
   498.000     83.000     68.000     77.000     59.000     85.000    419.000    419.000      1.000      0.000      0.000      0.000      1.000
   288.000      7.000     17.000     13.000     31.000     33.000    269.000    348.000      0.000      0.000      0.000      1.000      4.000
   307.000      8.000     39.000     42.000     39.000     30.000    320.000    370.000      0.000      0.000      0.436      0.564      4.000
   169.000     56.000     35.000     51.000     51.000     80.000    377.000    388.000      0.970      0.000      0.030      0.000      1.000
   554.000     89.000     67.000     80.000     68.000     69.000    447.000    466.000      1.000      0.000      0.000      0.000      1.000
   528.000     76.000     62.000     68.000     61.000     67.000    372.000    443.000      1.000      0.000      0.000      0.000      1.000
   272.000     41.000     17.000     28.000     23.000     19.000    205.000    289.000      0.000      0.001      0.000      0.999      4.000
   421.000      7.000     28.000     48.000      4.000     32.000    307.000    316.000      0.000      0.301      0.000      0.699      4.000
   471.000     51.000     23.000     32.000     48.000     64.000    438.000    490.000      0.137      0.000      0.863      0.000      3.000
   554.000     89.000     50.000     79.000     68.000     70.000    445.000    481.000      1.000      0.000      0.000      0.000      1.000
   298.000     53.000      2.000      3.000      1.000     24.000    321.000    300.000      0.000      0.002      0.000      0.998      4.000
   354.000     88.000     21.000     30.000      9.000     48.000    369.000    383.000      0.000      0.998      0.000      0.002      2.000
   425.000     87.000     61.000     79.000     57.000     84.000    411.000    400.000      1.000      0.000      0.000      0.000      1.000
   552.000     83.000     49.000     51.000     53.000     47.000    442.000    495.000      0.798      0.000      0.202      0.000      1.000
   318.000     53.000     16.000     14.000     23.000     29.000    107.000     14.000      0.000      0.002      0.000      0.998      4.000
   215.000     26.000      2.000     15.000     10.000      6.000     15.000     88.000      0.000      0.000      0.000      1.000      4.000
   394.000     76.000      7.000     68.000     48.000     12.000    382.000    478.000      0.000      0.000      1.000      0.000      3.000
   546.000     74.000     68.000     78.000     65.000     78.000    343.000    100.000      1.000      0.000      0.000      0.000      1.000
    82.000     53.000     10.000     42.000     10.000     35.000    132.000    248.000      0.000      0.127      0.000      0.873      4.000
   357.000     67.000     27.000     52.000     10.000     37.000    416.000    415.000      0.000      0.996      0.000      0.004      2.000
   133.000     20.000     16.000     20.000     23.000     16.000    409.000    429.000      0.000      0.000      0.000      1.000      4.000
    15.000     86.000     42.000     77.000     23.000     43.000    126.000    157.000      0.000      0.995      0.004      0.001      2.000
   531.000     85.000     37.000     70.000     52.000     48.000    467.000    492.000      0.899      0.000      0.101      0.000      1.000
   420.000     76.000     44.000     40.000     27.000     46.000    388.000    435.000      0.004      0.173      0.822      0.001      3.000
   280.000     41.000     17.000     28.000     23.000     19.000     52.000     93.000      0.000      0.000      0.000      1.000      4.000
   109.000     17.000     22.000     15.000     10.000      6.000    365.000    418.000      0.000      0.000      0.000      1.000      4.000
   530.000     75.000     22.000     13.000     46.000     69.000    327.000     69.000      0.016      0.000      0.984      0.000      3.000
   493.000     76.000     42.000     62.000     59.000     63.000     22.000     93.000      0.703      0.000      0.297      0.000      1.000
   554.000     86.000     69.000     75.000     68.000     86.000    397.000    421.000      1.000      0.000      0.000      0.000      1.000
   538.000     89.000      2.000     63.000     68.000     43.000    350.000    164.000      0.022      0.000      0.978      0.000      3.000
   305.000     84.000     63.000     75.000     61.000     75.000    366.000    362.000      1.000      0.000      0.000      0.000      1.000
   408.000     84.000      2.000     76.000     44.000     32.000    453.000    447.000      0.001      0.000      0.999      0.000      3.000
    30.000     17.000     13.000     20.000     21.000     17.000    345.000    358.000      0.000      0.000      0.000      1.000      4.000
   495.000     76.000     62.000     68.000     59.000     75.000    384.000    364.000      1.000      0.000      0.000      0.000      1.000
   518.000     89.000     24.000     61.000     64.000     75.000     12.000     64.000      0.958      0.000      0.042      0.000      1.000
   290.000     44.000      2.000     41.000      1.000      6.000    272.000     44.000      0.000      0.006      0.000      0.994      4.000
   108.000     68.000     29.000     12.000      1.000     37.000     40.000    168.000      0.000      0.249      0.000      0.751      4.000
    79.000     57.000     73.000     38.000      2.000     45.000    185.000    289.000      0.000      0.997      0.000      0.003      2.000
   550.000     88.000     39.000     68.000     68.000     67.000    460.000    506.000      1.000      0.000      0.000      0.000      1.000
    68.000     20.000     16.000     15.000     10.000      6.000    296.000    366.000      0.000      0.000      0.000      1.000      4.000
   417.000     57.000      6.000     77.000     44.000     34.000    299.000    166.000      0.000      0.000      1.000      0.000      3.000
   280.000     41.000     17.000     28.000     23.000     19.000    241.000    279.000      0.000      0.001      0.000      0.999      4.000
   443.000     59.000     45.000     62.000     53.000     55.000    324.000    344.000      0.627      0.000      0.373      0.000      1.000
   519.000     76.000      5.000     62.000      1.000     46.000    450.000    485.000      0.000      1.000      0.000      0.000      2.000
   447.000     74.000     53.000      3.000      1.000     44.000     44.000    321.000      0.000      0.991      0.000      0.009      2.000
    42.000     76.000     37.000     15.000      4.000     68.000    404.000    449.000      0.000      0.995      0.000      0.005      2.000
   140.000     39.000     17.000     28.000     23.000     19.000     21.000    287.000      0.000      0.000      0.000      1.000      4.000
   554.000     88.000     52.000     68.000     68.000     69.000    458.000    471.000      1.000      0.000      0.000      0.000      1.000
   547.000     76.000     74.000     80.000     62.000     84.000    426.000    397.000      1.000      0.000      0.000      0.000      1.000
   378.000     83.000     37.000     75.000     45.000     59.000    430.000    474.000      0.967      0.000      0.033      0.000      1.000
   338.000     65.000     52.000     43.000     46.000     75.000    353.000    457.000      0.986      0.000      0.014      0.000      1.000
   507.000     83.000     17.000     68.000     59.000     75.000    467.000    507.000      0.999      0.000      0.001      0.000      1.000
   463.000     77.000     35.000     13.000     52.000     63.000     63.000     47.000      0.004      0.000      0.996      0.000      3.000
   156.000     44.000      5.000     26.000     23.000     16.000     86.000    203.000      0.000      0.000      0.000      1.000      4.000
    50.000      8.000     30.000      6.000     15.000     25.000    300.000    303.000      0.000      0.000      0.000      1.000      4.000
   365.000     41.000     17.000     19.000     23.000     14.000    455.000    496.000      0.000      0.000      0.000      1.000      4.000
   249.000     26.000      2.000     15.000     10.000      6.000    301.000     76.000      0.000      0.000      0.000      1.000      4.000
   479.000     77.000     60.000     60.000     61.000     77.000    421.000    409.000      1.000      0.000      0.000      0.000      1.000
    69.000     26.000      2.000     15.000     10.000     37.000    462.000    487.000      0.000      0.000      0.000      1.000      4.000
   147.000      7.000     42.000     15.000     10.000      6.000    425.000    505.000      0.000      0.000      0.000      1.000      4.000
   554.000     89.000     73.000     79.000     68.000     75.000    434.000    469.000      1.000      0.000      0.000      0.000      1.000
   231.000     39.000     17.000     28.000     23.000     19.000    379.000    404.000      0.000      0.000      0.000      1.000      4.000
   249.000     41.000     23.000     15.000     16.000      6.000    467.000    508.000      0.000      0.000      0.000      1.000      4.000
   280.000     39.000     17.000     28.000     23.000     19.000    432.000    476.000      0.000      0.001      0.000      0.999      4.000
   536.000     80.000     55.000     75.000     44.000     82.000    270.000     97.000      1.000      0.000      0.000      0.000      1.000
   432.000     76.000     15.000     68.000     33.000     67.000    433.000    445.000      0.646      0.003      0.351      0.000      1.000
   328.000     76.000      2.000     15.000      3.000      6.000    389.000    437.000      0.000      0.009      0.000      0.991      4.000
   462.000     76.000     62.000     68.000     59.000     75.000    396.000    405.000      1.000      0.000      0.000      0.000      1.000
   411.000     53.000     49.000     56.000     53.000     75.000    394.000    444.000      0.997      0.000      0.003      0.000      1.000
   529.000     86.000     47.000     79.000     61.000     83.000    443.000    455.000      1.000      0.000      0.000      0.000      1.000
   157.000     26.000      2.000     15.000     10.000      6.000    318.000    354.000      0.000      0.000      0.000      1.000      4.000
   287.000     71.000      2.000     46.000     46.000     25.000    398.000    390.000      0.000      0.000      0.992      0.008      3.000
   324.000     76.000     30.000     37.000     59.000     48.000    279.000     63.000      0.003      0.000      0.997      0.000      3.000
   501.000     83.000     68.000     61.000     59.000     67.000    441.000    477.000      1.000      0.000      0.000      0.000      1.000
   386.000     39.000     25.000     16.000     22.000     12.000    102.000     29.000      0.000      0.000      0.000      1.000      4.000
   319.000     32.000     11.000     25.000     53.000     27.000    302.000    125.000      0.000      0.000      0.888      0.112      3.000
   307.000     59.000     54.000     61.000     49.000     75.000    461.000    498.000      0.999      0.000      0.001      0.000      1.000
   390.000     59.000     22.000     42.000     28.000     24.000    371.000    460.000      0.000      0.084      0.422      0.495      4.000
   351.000     42.000     11.000     19.000     48.000     38.000     49.000    108.000      0.000      0.000      0.901      0.099      3.000
   506.000     76.000     62.000     68.000     59.000     75.000    413.000    479.000      1.000      0.000      0.000      0.000      1.000
   482.000     76.000     44.000     68.000     59.000     58.000    386.000    452.000      0.990      0.000      0.010      0.000      1.000
   489.000     59.000     54.000     42.000     59.000     58.000    340.000    450.000      0.878      0.000      0.122      0.000      1.000
   343.000     89.000     17.000     80.000     47.000     71.000    463.000    502.000      0.996      0.000      0.004      0.000      1.000
   470.000     76.000     32.000     55.000     46.000     59.000    399.000    430.000      0.659      0.000      0.341      0.000      1.000
    56.000     46.000     17.000     43.000     23.000     19.000    190.000    190.000      0.000      0.001      0.000      0.999      4.000
   280.000     41.000     17.000     28.000     23.000     19.000    467.000    504.000      0.000      0.001      0.000      0.999      4.000
   526.000     84.000     66.000     50.000     59.000     66.000    247.000      3.000      0.990      0.000      0.010      0.000      1.000
    60.000     81.000      7.000     28.000     23.000      7.000    266.000    307.000      0.000      0.000      0.000      1.000      4.000
   137.000     60.000     30.000     28.000      3.000     32.000    370.000    385.000      0.000      0.468      0.000      0.532      4.000
   269.000     32.000     10.000     28.000     23.000     12.000    330.000    417.000      0.000      0.000      0.000      1.000      4.000
   434.000     89.000     15.000     45.000     52.000     37.000    464.000    482.000      0.003      0.000      0.997      0.000      3.000
   480.000     77.000      2.000     45.000     59.000     67.000    465.000    497.000      0.730      0.000      0.270      0.000      1.000
   334.000     48.000     24.000     60.000     41.000     63.000    298.000    384.000      0.076      0.000      0.924      0.000      3.000
   535.000     77.000     16.000      3.000     68.000     51.000    207.000    236.000      0.001      0.000      0.999      0.000      3.000
   554.000     89.000     74.000     80.000     68.000     86.000    467.000    504.000      1.000      0.000      0.000      0.000      1.000
   307.000     48.000     22.000      6.000     30.000     21.000    362.000    413.000      0.000      0.000      0.001      0.999      4.000
   546.000     70.000     39.000     77.000     62.000     83.000    466.000    500.000      1.000      0.000      0.000      0.000      1.000
   549.000     88.000     62.000     80.000     68.000     84.000    418.000    503.000      1.000      0.000      0.000      0.000      1.000
   511.000     86.000     53.000     37.000     47.000     24.000    459.000    480.000      0.002      0.000      0.998      0.000      3.000
    31.000     26.000      2.000     15.000     10.000      6.000     36.000    327.000      0.000      0.000      0.000      1.000      4.000
   391.000     76.000     62.000     68.000     59.000     75.000    436.000    486.000      1.000      0.000      0.000      0.000      1.000
   361.000     66.000     30.000     61.000     47.000     35.000    429.000    456.000      0.003      0.000      0.997      0.000      3.000
    76.000     63.000     24.000     34.000     21.000     12.000     78.000     91.000      0.000      0.001      0.000      0.999      4.000
    37.000     53.000      2.000     53.000     31.000      3.000    385.000    454.000      0.000      0.000      0.000      1.000      4.000
   531.000     83.000     38.000     79.000     54.000     75.000    452.000    493.000      1.000      0.000      0.000      0.000      1.000
   523.000     76.000     39.000     60.000     53.000     67.000    271.000    414.000      0.984      0.000      0.016      0.000      1.000
   500.000     76.000     68.000     68.000     59.000     67.000    344.000    374.000      1.000      0.000      0.000      0.000      1.000
   476.000     76.000     25.000     13.000     53.000     56.000     70.000     16.000      0.000      0.000      1.000      0.000      3.000
   455.000      6.000     10.000     20.000     15.000     32.000    435.000    432.000      0.000      0.001      0.000      0.999      4.000
   340.000     85.000     12.000     57.000     18.000     61.000    467.000    473.000      0.000      0.985      0.015      0.000      2.000
    81.000     36.000     16.000     28.000     21.000     19.000     62.000     85.000      0.000      0.000      0.000      1.000      4.000
    94.000     17.000     17.000     15.000     31.000     12.000    420.000    470.000      0.000      0.000      0.000      1.000      4.000
   430.000     76.000     45.000     37.000     37.000      6.000     48.000     93.000      0.000      0.003      0.891      0.106      3.000
   431.000     13.000      1.000     61.000     46.000     10.000    395.000    434.000      0.000      0.000      0.752      0.248      3.000
   508.000     74.000     40.000     52.000     44.000     44.000    172.000    152.000      0.003      0.000      0.997      0.000      3.000
   130.000     43.000      2.000     53.000     20.000     36.000     35.000      1.000      0.000      0.032      0.000      0.968      4.000
    67.000     17.000     17.000     28.000     22.000     16.000    235.000    176.000      0.000      0.000      0.000      1.000      4.000
   515.000     85.000     17.000     10.000     62.000     19.000    467.000    467.000      0.000      0.000      1.000      0.000      3.000
   502.000     66.000      6.000     62.000      5.000     34.000    170.000     77.000      0.000      0.998      0.000      0.001      2.000
   542.000     74.000     37.000     53.000     62.000     62.000    446.000    488.000      0.990      0.000      0.010      0.000      1.000
   317.000     53.000     33.000     15.000      1.000     54.000    255.000     57.000      0.000      0.944      0.000      0.056      2.000
    11.000     25.000     17.000     26.000     23.000     19.000    241.000    279.000      0.000      0.000      0.000      1.000      4.000
   509.000     66.000     22.000     60.000     59.000     42.000    250.000     42.000      0.002      0.000      0.998      0.000      3.000
   532.000     70.000     17.000     80.000     60.000     72.000     96.000    119.000      0.941      0.000      0.059      0.000      1.000
    71.000      9.000      7.000     44.000     23.000     19.000    241.000    245.000      0.000      0.000      0.000      1.000      4.000
   398.000     88.000     17.000     77.000      7.000     35.000    203.000    140.000      0.000      1.000      0.000      0.000      2.000
   283.000     20.000     30.000     15.000     11.000      5.000    146.000    276.000      0.000      0.000      0.000      1.000      4.000
    38.000      8.000     16.000     15.000     22.000     16.000    121.000    209.000      0.000      0.000      0.000      1.000      4.000
   139.000      6.000     17.000     51.000     10.000      6.000    311.000     21.000      0.000      0.000      0.000      1.000      4.000
   306.000     10.000     17.000     28.000     10.000      3.000    347.000    363.000      0.000      0.000      0.000      1.000      4.000
   549.000     79.000     11.000     73.000     59.000     59.000    230.000    107.000      0.365      0.000      0.635      0.000      3.000
   178.000     36.000     17.000     20.000     23.000     17.000    173.000    220.000      0.000      0.000      0.000      1.000      4.000
   144.000     41.000     17.000     28.000     18.000     19.000    116.000    219.000      0.000      0.000      0.000      1.000      4.000
     2.000     59.000      2.000     15.000     47.000      6.000    165.000     73.000      0.000      0.000      0.000      1.000      4.000
   111.000     26.000     17.000     25.000     21.000     14.000    278.000     70.000      0.000      0.000      0.000      1.000      4.000
    62.000     53.000     13.000     21.000     10.000      9.000     39.000    178.000      0.000      0.000      0.000      1.000      4.000
    54.000     66.000      2.000     43.000      4.000     52.000    290.000      7.000      0.000      0.917      0.000      0.083      2.000
    96.000     12.000     17.000     28.000     10.000     19.000    162.000    271.000      0.000      0.000      0.000      1.000      4.000
    44.000     45.000     16.000     20.000      4.000     17.000    261.000      6.000      0.000      0.000      0.000      1.000      4.000
    33.000     37.000      2.000     28.000     13.000     19.000     91.000    132.000      0.000      0.000      0.000      1.000      4.000
   209.000     36.000     17.000     27.000     23.000     12.000    220.000    201.000      0.000      0.000      0.000      1.000      4.000
    34.000     26.000     22.000     42.000     10.000     41.000    226.000    289.000      0.000      0.034      0.000      0.966      4.000
    86.000      8.000     13.000     33.000     10.000     12.000    282.000    341.000      0.000      0.000      0.000      1.000      4.000
    87.000     66.000     12.000     42.000     10.000     12.000    104.000    224.000      0.000      0.016      0.000      0.984      4.000
   450.000     53.000     17.000     62.000     39.000     12.000    219.000    184.000      0.000      0.001      0.970      0.029      3.000
   406.000     53.000     25.000      3.000      4.000     35.000    260.000    361.000      0.000      0.130      0.000      0.870      4.000
   426.000     59.000     58.000     60.000     59.000     67.000    381.000    412.000      0.998      0.000      0.002      0.000      1.000
   452.000     20.000     16.000     55.000      1.000      1.000     72.000    299.000      0.000      0.021      0.000      0.979      4.000
   303.000     53.000     36.000     66.000     10.000     36.000    265.000    337.000      0.000      0.997      0.000      0.003      2.000
   325.000     63.000     42.000     55.000     15.000     17.000     81.000    246.000      0.000      0.868      0.001      0.131      2.000
    61.000     33.000     17.000     28.000     23.000     19.000    240.000    233.000      0.000      0.000      0.000      1.000      4.000
   233.000     40.000     17.000     28.000     23.000     19.000    240.000    285.000      0.000      0.000      0.000      1.000      4.000
    46.000     79.000     26.000     15.000     36.000      5.000    258.000    309.000      0.000      0.000      0.000      1.000      4.000
   388.000     66.000      2.000     16.000     59.000     40.000     92.000    103.000      0.000      0.000      1.000      0.000      3.000
   315.000     50.000     17.000      6.000     33.000     53.000    437.000    451.000      0.000      0.004      0.474      0.521      4.000
   442.000     65.000     28.000     39.000     39.000     46.000    357.000    442.000      0.002      0.000      0.998      0.000      3.000
   247.000     40.000     16.000     25.000     20.000     19.000    133.000    131.000      0.000      0.000      0.000      1.000      4.000
   103.000     17.000     15.000     19.000     16.000     19.000    277.000     46.000      0.000      0.000      0.000      1.000      4.000
    83.000      5.000      2.000     31.000     20.000     19.000    240.000    289.000      0.000      0.000      0.000      1.000      4.000
    66.000     59.000     12.000     28.000     11.000     16.000    235.000    228.000      0.000      0.002      0.000      0.998      4.000
   148.000     71.000     12.000     58.000     23.000     16.000    240.000    276.000      0.000      0.108      0.002      0.891      4.000
    48.000     17.000      5.000     25.000     20.000     16.000    167.000    150.000      0.000      0.000      0.000      1.000      4.000
   331.000     89.000     17.000     51.000     50.000     80.000    391.000    423.000      0.988      0.000      0.012      0.000      1.000
   446.000     66.000     62.000     68.000     52.000     30.000     48.000     31.000      0.001      0.000      0.999      0.000      3.000
   229.000     40.000     17.000     17.000     22.000     19.000    235.000    247.000      0.000      0.000      0.000      1.000      4.000
    14.000     53.000     16.000     35.000     16.000      7.000    177.000    345.000      0.000      0.000      0.000      1.000      4.000
   213.000     25.000     17.000     26.000     23.000     19.000    241.000    289.000      0.000      0.000      0.000      1.000      4.000
   496.000     21.000     17.000     21.000     10.000     17.000     95.000    151.000      0.000      0.001      0.000      0.999      4.000
   182.000     61.000     13.000     25.000      3.000     12.000     43.000     34.000      0.000      0.006      0.000      0.994      4.000
    72.000     40.000     17.000     25.000     20.000     19.000    220.000    225.000      0.000      0.000      0.000      1.000      4.000
   208.000     31.000     17.000     28.000     23.000     19.000     98.000    162.000      0.000      0.000      0.000      1.000      4.000
   280.000     41.000     17.000     28.000     23.000     16.000     77.000     52.000      0.000      0.000      0.000      1.000      4.000
   280.000     41.000     17.000     28.000     23.000     19.000    235.000    289.000      0.000      0.001      0.000      0.999      4.000
    58.000      8.000     22.000     28.000     21.000     15.000    128.000    141.000      0.000      0.000      0.000      1.000      4.000
   143.000     44.000     17.000     15.000     23.000     16.000    283.000    314.000      0.000      0.000      0.000      1.000      4.000
   277.000     40.000     16.000     28.000     23.000     19.000    240.000    289.000      0.000      0.001      0.000      0.999      4.000
   134.000     12.000     16.000     20.000     23.000     16.000    217.000    237.000      0.000      0.000      0.000      1.000      4.000
   121.000     39.000     13.000     24.000     23.000     19.000    214.000    240.000      0.000      0.000      0.000      1.000      4.000
   402.000     66.000      8.000     37.000     27.000      7.000     68.000      8.000      0.000      0.003      0.002      0.995      4.000
   505.000     55.000     22.000     72.000     62.000      5.000     20.000    318.000      0.000      0.000      1.000      0.000      3.000
   265.000     41.000     17.000     28.000     23.000     19.000    228.000    289.000      0.000      0.001      0.000      0.999      4.000
    49.000     31.000     16.000     28.000     23.000     24.000    206.000     94.000      0.000      0.000      0.000      1.000      4.000
   214.000     32.000     17.000     15.000     23.000     19.000    121.000    133.000      0.000      0.000      0.000      1.000      4.000
   179.000     43.000     17.000     25.000     23.000     19.000    222.000    286.000      0.000      0.000      0.000      1.000      4.000
   537.000     76.000     15.000     51.000     39.000     59.000      3.000     72.000      0.001      0.000      0.998      0.000      3.000
   316.000     49.000     30.000     33.000     44.000     56.000    322.000    438.000      0.004      0.000      0.995      0.000      3.000
   308.000     53.000      2.000     31.000      3.000      6.000    139.000     93.000      0.000      0.003      0.000      0.997      4.000
   225.000     32.000     17.000     28.000     23.000     19.000    214.000    173.000      0.000      0.000      0.000      1.000      4.000
   397.000     48.000     33.000     53.000     44.000     30.000    254.000    312.000      0.000      0.000      0.999      0.000      3.000
   259.000     36.000     17.000     28.000     23.000     19.000    228.000    155.000      0.000      0.000      0.000      1.000      4.000
   483.000     72.000     37.000     50.000     48.000     56.000    238.000     22.000      0.038      0.000      0.962      0.000      3.000
   364.000     70.000     73.000     62.000     10.000     42.000    109.000     96.000      0.000      1.000      0.000      0.000      2.000
   238.000     38.000     16.000     26.000     20.000     16.000     27.000    335.000      0.000      0.000      0.000      1.000      4.000
   453.000     35.000     17.000     28.000     21.000      7.000     74.000    214.000      0.000      0.000      0.000      1.000      4.000
   314.000     25.000     17.000     28.000     23.000     19.000    226.000    289.000      0.000      0.000      0.000      1.000      4.000
    88.000     33.000     17.000     28.000     23.000     19.000    226.000    197.000      0.000      0.000      0.000      1.000      4.000
    95.000     14.000     17.000     11.000     19.000     16.000    175.000    196.000      0.000      0.000      0.000      1.000      4.000
   141.000     15.000     31.000     28.000     23.000     18.000    241.000    269.000      0.000      0.000      0.000      1.000      4.000
    99.000     60.000     17.000     36.000     52.000     42.000    355.000    410.000      0.000      0.000      0.996      0.004      3.000
   504.000     66.000     17.000     62.000     36.000      7.000     75.000    122.000      0.000      0.004      0.957      0.038      3.000
   384.000     83.000     17.000     63.000     28.000     66.000    190.000    229.000      0.030      0.301      0.669      0.000      3.000
   349.000     53.000     22.000      7.000     39.000      8.000    179.000    270.000      0.000      0.000      0.005      0.995      4.000
   270.000     40.000     17.000     28.000     23.000     19.000     84.000    153.000      0.000      0.000      0.000      1.000      4.000
   438.000     68.000      2.000     15.000     58.000     59.000    456.000    491.000      0.008      0.000      0.992      0.000      3.000
   275.000     41.000     17.000     28.000     23.000     19.000    210.000    288.000      0.000      0.001      0.000      0.999      4.000
   165.000     53.000     29.000     68.000     59.000     36.000    183.000    235.000      0.000      0.000      1.000      0.000      3.000
   149.000     19.000     17.000     26.000     23.000     19.000    210.000    192.000      0.000      0.000      0.000      1.000      4.000
    47.000     81.000     15.000      6.000     21.000     12.000     13.000    139.000      0.000      0.000      0.000      1.000      4.000
   469.000     21.000     19.000     25.000     15.000     12.000    144.000    237.000      0.000      0.000      0.000      1.000      4.000
   428.000      3.000     68.000      3.000     47.000     58.000    341.000    380.000      0.004      0.000      0.995      0.001      3.000
    92.000     60.000     10.000     34.000     15.000     11.000    289.000    347.000      0.000      0.001      0.000      0.999      4.000
   467.000     51.000     12.000     72.000     40.000     37.000    457.000    484.000      0.001      0.000      0.999      0.000      3.000
   191.000     41.000     17.000     28.000     23.000     19.000    241.000    281.000      0.000      0.000      0.000      1.000      4.000
   204.000     39.000     17.000     28.000     23.000     19.000    130.000    232.000      0.000      0.000      0.000      1.000      4.000
   216.000     17.000     16.000     15.000     11.000     12.000    221.000    158.000      0.000      0.000      0.000      1.000      4.000
   177.000     34.000      2.000     26.000     21.000     17.000    137.000    402.000      0.000      0.000      0.000      1.000      4.000
   458.000     74.000     17.000     68.000     53.000     58.000    195.000    266.000      0.187      0.000      0.813      0.000      3.000
   527.000     89.000     73.000     79.000     59.000     71.000    451.000    465.000      1.000      0.000      0.000      0.000      1.000
     7.000      8.000     16.000     21.000     15.000     12.000    115.000    110.000      0.000      0.000      0.000      1.000      4.000
   551.000     53.000      2.000     62.000     66.000     27.000    209.000     13.000      0.000      0.000      1.000      0.000      3.000
   359.000     66.000     47.000     44.000     49.000     41.000    417.000    433.000      0.019      0.000      0.981      0.000      3.000
   128.000     11.000     17.000     28.000     15.000     16.000    319.000    342.000      0.000      0.000      0.000      1.000      4.000
   261.000     41.000     17.000     28.000     23.000     17.000     91.000    265.000      0.000      0.000      0.000      1.000      4.000
   297.000     21.000     27.000     47.000      6.000     19.000    246.000    371.000      0.000      0.040      0.000      0.960      4.000
   110.000     20.000     17.000     28.000     23.000     16.000     89.000     28.000      0.000      0.000      0.000      1.000      4.000
    55.000     23.000      6.000     27.000     15.000     16.000    110.000    264.000      0.000      0.000      0.000      1.000      4.000
   217.000     36.000     17.000     23.000     10.000     16.000    241.000    279.000      0.000      0.000      0.000      1.000      4.000
    91.000     44.000     16.000     32.000     22.000     14.000    121.000     56.000      0.000      0.000      0.000      1.000      4.000
   202.000     39.000     16.000     28.000     23.000     16.000    276.000    311.000      0.000      0.000      0.000      1.000      4.000
    27.000      5.000      2.000     41.000      1.000     17.000    308.000    306.000      0.000      0.000      0.000      1.000      4.000
     4.000     16.000     17.000     25.000     13.000     18.000    325.000    294.000      0.000      0.000      0.000      1.000      4.000
   211.000     29.000     12.000     28.000     23.000     16.000    263.000    115.000      0.000      0.000      0.000      1.000      4.000
   173.000     20.000     16.000     28.000     23.000     19.000    100.000     84.000      0.000      0.000      0.000      1.000      4.000
   451.000     76.000     38.000     53.000     39.000     42.000    135.000    111.000      0.001      0.001      0.999      0.000      3.000
   293.000      5.000     17.000     15.000     43.000     12.000    257.000    191.000      0.000      0.000      0.000      1.000      4.000
    70.000     53.000      2.000     14.000     40.000     12.000      8.000    317.000      0.000      0.000      0.000      1.000      4.000
    52.000     53.000     17.000     15.000     10.000     12.000    403.000    398.000      0.000      0.000      0.000      1.000      4.000
   310.000      7.000     17.000      4.000     59.000     19.000    240.000    286.000      0.000      0.000      0.167      0.833      4.000
     6.000     37.000     17.000     15.000     21.000     19.000    240.000    289.000      0.000      0.000      0.000      1.000      4.000
   366.000     57.000     16.000     55.000     10.000     36.000     41.000     78.000      0.000      0.969      0.000      0.031      2.000
   327.000     76.000      7.000     20.000     15.000      8.000    342.000    352.000      0.000      0.005      0.000      0.995      4.000
   159.000     26.000     17.000     28.000     23.000     17.000    249.000     18.000      0.000      0.000      0.000      1.000      4.000
   236.000      3.000     17.000     28.000     23.000     12.000    123.000    118.000      0.000      0.000      0.000      1.000      4.000
   203.000     31.000     17.000     27.000     23.000     19.000    240.000    242.000      0.000      0.000      0.000      1.000      4.000
    63.000     20.000     17.000     19.000     16.000     10.000    304.000     82.000      0.000      0.000      0.000      1.000      4.000
   337.000     66.000      2.000     68.000      1.000     22.000     34.000    106.000      0.000      0.983      0.000      0.017      2.000
    40.000     48.000     16.000     26.000     20.000     16.000    336.000    326.000      0.000      0.000      0.000      1.000      4.000
   243.000     37.000     16.000     28.000     23.000     19.000    240.000    289.000      0.000      0.000      0.000      1.000      4.000
   264.000     41.000     17.000     28.000     23.000     19.000    241.000    289.000      0.000      0.001      0.000      0.999      4.000
   456.000     65.000     28.000     48.000     59.000     22.000    303.000     54.000      0.000      0.000      1.000      0.000      3.000
    90.000     26.000      6.000     15.000     10.000     16.000      9.000    298.000      0.000      0.000      0.000      1.000      4.000
   300.000      5.000     12.000     48.000     23.000     19.000     99.000    124.000      0.000      0.000      0.000      1.000      4.000
   206.000     22.000     38.000      6.000     18.000     16.000    171.000    188.000      0.000      0.000      0.000      1.000      4.000
   503.000     67.000     74.000     65.000     58.000     73.000    199.000    249.000      1.000      0.000      0.000      0.000      1.000
   172.000     32.000     16.000     20.000      1.000     19.000    120.000    289.000      0.000      0.001      0.000      0.999      4.000
   543.000     76.000     62.000     54.000     37.000     52.000    242.000    346.000      0.452      0.000      0.547      0.000      3.000
   353.000     69.000     13.000     62.000     10.000     35.000     92.000     89.000      0.000      0.995      0.000      0.005      2.000
   329.000     65.000     44.000     53.000     59.000     55.000    314.000    339.000      0.493      0.000      0.507      0.000      3.000
   544.000     83.000     62.000     42.000     67.000     70.000      5.000    368.000      0.997      0.000      0.003      0.000      1.000
   520.000     12.000     52.000     69.000     41.000     39.000    209.000    261.000      0.001      0.000      0.999      0.000      3.000
   461.000     66.000     41.000     61.000     49.000     75.000     31.000     24.000      0.803      0.000      0.197      0.000      1.000
   123.000     26.000     22.000     15.000     10.000      6.000      4.000     26.000      0.000      0.000      0.000      1.000      4.000
   474.000     66.000     54.000     45.000     34.000     55.000     85.000    262.000      0.020      0.005      0.975      0.000      3.000
   241.000     40.000     17.000     27.000     23.000     19.000    133.000    212.000      0.000      0.000      0.000      1.000      4.000
   472.000     66.000     39.000     42.000     49.000     56.000    118.000    114.000      0.013      0.000      0.987      0.000      3.000
   183.000      8.000      2.000     15.000     15.000     16.000     54.000     71.000      0.000      0.000      0.000      1.000      4.000
   119.000     55.000     17.000     15.000     10.000     22.000    264.000     99.000      0.000      0.001      0.000      0.999      4.000
   150.000     52.000     17.000     21.000     16.000     16.000    152.000    127.000      0.000      0.000      0.000      1.000      4.000
   551.000     74.000     71.000     46.000     61.000      6.000    267.000    145.000      0.000      0.000      1.000      0.000      3.000
   126.000     31.000      2.000     12.000     21.000     17.000    164.000    243.000      0.000      0.000      0.000      1.000      4.000
   376.000     76.000      7.000     15.000     23.000      7.000    275.000    101.000      0.000      0.001      0.000      0.999      4.000
    32.000     48.000      6.000     34.000     37.000      6.000    218.000    206.000      0.000      0.000      0.000      1.000      4.000
   484.000     65.000     62.000     20.000     53.000     67.000     42.000     81.000      0.206      0.000      0.794      0.000      3.000
   273.000     34.000     17.000     28.000     23.000     16.000    361.000    408.000      0.000      0.000      0.000      1.000      4.000
   219.000     40.000     13.000     25.000     22.000     16.000    187.000    239.000      0.000      0.000      0.000      1.000      4.000
   307.000     48.000     39.000     42.000     39.000     44.000    337.000    353.000      0.000      0.001      0.996      0.002      3.000
   131.000      1.000      2.000     37.000     18.000     19.000    125.000     61.000      0.000      0.000      0.000      1.000      4.000
   554.000     69.000     39.000     72.000     62.000     26.000    211.000    169.000      0.003      0.000      0.997      0.000      3.000
    78.000     23.000     17.000     28.000     23.000     19.000    235.000    200.000      0.000      0.000      0.000      1.000      4.000
   466.000     66.000     44.000     42.000     39.000     55.000    352.000    313.000      0.063      0.000      0.937      0.000      3.000
   346.000      5.000     17.000     32.000      9.000     18.000    236.000    289.000      0.000      0.000      0.000      1.000      4.000
    24.000      8.000     17.000     21.000     13.000     16.000    444.000    458.000      0.000      0.000      0.000      1.000      4.000
   468.000     66.000     17.000     73.000     49.000     48.000    143.000    170.000      0.005      0.000      0.995      0.000      3.000
    84.000     36.000     16.000     25.000     10.000     11.000    351.000    386.000      0.000      0.000      0.000      1.000      4.000
    89.000     66.000     17.000     18.000     10.000     19.000    124.000     10.000      0.000      0.002      0.000      0.998      4.000
    98.000      1.000      5.000     15.000      4.000      3.000    280.000    330.000      0.000      0.000      0.000      1.000      4.000
   163.000     40.000     17.000     23.000     23.000     19.000     29.000     68.000      0.000      0.000      0.000      1.000      4.000
   437.000     11.000     17.000      7.000     30.000     52.000    295.000    340.000      0.000      0.000      0.032      0.968      4.000
   311.000     20.000     24.000     12.000     16.000     19.000    189.000    172.000      0.000      0.000      0.000      1.000      4.000
   118.000     36.000     16.000     28.000     20.000     19.000    309.000     45.000      0.000      0.000      0.000      1.000      4.000
   387.000      4.000     10.000     55.000     45.000     32.000     67.000     65.000      0.000      0.000      0.797      0.203      3.000
    80.000     21.000     13.000     28.000     25.000      6.000    191.000     19.000      0.000      0.000      0.000      1.000      4.000
    41.000      5.000     16.000     26.000     10.000     15.000    241.000    187.000      0.000      0.000      0.000      1.000      4.000
   401.000     76.000     37.000     53.000     59.000     63.000    339.000    377.000      0.930      0.000      0.070      0.000      1.000
   444.000     78.000     74.000     52.000     50.000     26.000    427.000    472.000      0.072      0.000      0.928      0.000      3.000
   235.000     36.000     17.000     28.000     23.000     19.000    184.000    208.000      0.000      0.000      0.000      1.000      4.000
    51.000     17.000     16.000     26.000      9.000     19.000    221.000    231.000      0.000      0.000      0.000      1.000      4.000
   113.000     11.000     17.000     14.000     20.000     19.000    241.000    205.000      0.000      0.000      0.000      1.000      4.000
   239.000     40.000     17.000     28.000     23.000     19.000    213.000    286.000      0.000      0.000      0.000      1.000      4.000
    74.000     26.000     17.000     28.000     23.000     16.000    147.000    117.000      0.000      0.000      0.000      1.000      4.000
   490.000     38.000     13.000     28.000     23.000     19.000    424.000    489.000      0.000      0.003      0.004      0.992      4.000
   220.000     41.000     17.000     28.000     23.000     19.000    148.000    289.000      0.000      0.000      0.000      1.000      4.000
   358.000     12.000      2.000     62.000     44.000     21.000    294.000    319.000      0.000      0.000      0.644      0.356      3.000
   175.000     39.000     16.000     20.000     23.000     19.000    243.000    304.000      0.000      0.000      0.000      1.000      4.000
   521.000     76.000     44.000     62.000     59.000     59.000    273.000    338.000      0.959      0.000      0.041      0.000      1.000
   205.000     32.000     17.000     42.000     21.000     16.000    198.000    194.000      0.000      0.001      0.000      0.999      4.000
   284.000     66.000      2.000      6.000     10.000     30.000    149.000     49.000      0.000      0.006      0.000      0.994      4.000
   369.000     66.000     22.000     31.000     30.000     56.000    333.000    387.000      0.001      0.057      0.936      0.007      3.000
   457.000     66.000     45.000     60.000     39.000     58.000    402.000    428.000      0.688      0.000      0.312      0.000      1.000
   250.000     11.000     16.000     15.000     23.000     17.000    305.000    315.000      0.000      0.000      0.000      1.000      4.000
    77.000      7.000     17.000     23.000     45.000      5.000    287.000     30.000      0.000      0.000      0.000      1.000      4.000
   262.000     38.000     17.000     28.000     23.000     19.000    212.000    275.000      0.000      0.000      0.000      1.000      4.000
   254.000     17.000     17.000     23.000     18.000     19.000    292.000     35.000      0.000      0.000      0.000      1.000      4.000
   154.000     41.000     16.000     28.000     23.000     19.000    241.000    288.000      0.000      0.000      0.000      1.000      4.000
    45.000     63.000     33.000     59.000     49.000     21.000     94.000    263.000      0.000      0.000      0.963      0.037      3.000
   494.000     70.000     62.000     53.000     52.000     75.000    274.000    329.000      0.999      0.000      0.001      0.000      1.000
   212.000     32.000     17.000     25.000     23.000     19.000    166.000    144.000      0.000      0.000      0.000      1.000      4.000
   441.000     70.000      3.000     71.000     39.000     50.000     23.000      5.000      0.000      0.002      0.998      0.000      3.000
   407.000     29.000     17.000     25.000     11.000     10.000    241.000    286.000      0.000      0.001      0.000      0.999      4.000
   226.000     40.000     17.000     28.000     23.000     19.000    240.000    289.000      0.000      0.000      0.000      1.000      4.000
   115.000     15.000     17.000     25.000     23.000      6.000    240.000    286.000      0.000      0.000      0.000      1.000      4.000
   153.000     41.000     17.000     28.000     23.000     19.000     79.000     60.000      0.000      0.000      0.000      1.000      4.000
   224.000     29.000     17.000     19.000     23.000     19.000    240.000    269.000      0.000      0.000      0.000      1.000      4.000
   341.000     17.000     22.000     77.000     52.000     41.000    285.000    301.000      0.001      0.000      0.999      0.000      3.000
   396.000     59.000      2.000     68.000      4.000     22.000    161.000    286.000      0.000      0.974      0.000      0.026      2.000
    35.000     23.000     17.000     20.000     16.000     16.000    237.000    167.000      0.000      0.000      0.000      1.000      4.000
   423.000     51.000     17.000     68.000     53.000     48.000    380.000    407.000      0.029      0.000      0.971      0.000      3.000
    39.000     17.000      2.000     60.000     37.000     22.000     45.000    332.000      0.000      0.000      0.000      1.000      4.000
   125.000     11.000     17.000     28.000     23.000     15.000    218.000    267.000      0.000      0.000      0.000      1.000      4.000
   155.000     26.000     17.000     28.000     21.000      3.000     87.000     88.000      0.000      0.000      0.000      1.000      4.000
   200.000     37.000     16.000     28.000     23.000     16.000    154.000    257.000      0.000      0.000      0.000      1.000      4.000
    36.000      8.000     17.000     37.000     21.000     11.000    117.000    182.000      0.000      0.000      0.000      1.000      4.000
   335.000     76.000     12.000     69.000     39.000     48.000    387.000    396.000      0.009      0.001      0.990      0.000      3.000
   541.000     86.000     11.000     71.000     68.000     64.000    422.000    483.000      0.995      0.000      0.005      0.000      1.000
   459.000     70.000      2.000     50.000     59.000     44.000    281.000    291.000      0.001      0.000      0.999      0.000      3.000
   454.000     79.000     24.000     71.000     33.000     16.000    239.000    279.000      0.000      0.025      0.973      0.002      3.000
   418.000      6.000     54.000     61.000     42.000     37.000    297.000    403.000      0.001      0.000      0.999      0.001      3.000
   101.000     32.000     16.000     16.000     21.000      1.000    159.000    218.000      0.000      0.000      0.000      1.000      4.000
     1.000     56.000      2.000     15.000     39.000      6.000    316.000    331.000      0.000      0.000      0.000      1.000      4.000
   267.000     37.000     16.000     28.000     23.000     16.000    240.000    289.000      0.000      0.000      0.000      1.000      4.000
   132.000     26.000     16.000     15.000      4.000     12.000    141.000    202.000      0.000      0.000      0.000      1.000      4.000
   114.000     25.000     17.000      2.000     22.000     19.000    238.000    258.000      0.000      0.000      0.000      1.000      4.000
   223.000     26.000     17.000     28.000     23.000     17.000    248.000    146.000      0.000      0.000      0.000      1.000      4.000
   333.000     60.000     30.000     43.000     59.000     33.000    376.000    401.000      0.001      0.000      0.999      0.000      3.000
   246.000     26.000     17.000     27.000     23.000     19.000    227.000    160.000      0.000      0.000      0.000      1.000      4.000
   289.000     24.000     17.000     20.000     21.000     19.000    383.000    376.000      0.000      0.000      0.000      1.000      4.000
    85.000     32.000     17.000     28.000     23.000     16.000    131.000    277.000      0.000      0.000      0.000      1.000      4.000
     3.000     59.000     12.000     44.000     18.000      3.000    284.000     33.000      0.000      0.000      0.000      1.000      4.000
   210.000     34.000     17.000     28.000     23.000     19.000    236.000    289.000      0.000      0.000      0.000      1.000      4.000
     5.000     59.000     17.000     22.000     23.000     19.000    241.000    256.000      0.000      0.000      0.000      1.000      4.000
   189.000     23.000     17.000     18.000     23.000     16.000    231.000    258.000      0.000      0.000      0.000      1.000      4.000
   158.000     36.000     17.000     28.000     23.000     19.000    111.000    211.000      0.000      0.000      0.000      1.000      4.000
   184.000      5.000     17.000     19.000     23.000     19.000    236.000    289.000      0.000      0.000      0.000      1.000      4.000
   404.000     81.000     50.000     72.000     65.000     70.000    213.000    121.000      0.998      0.000      0.002      0.000      1.000
   232.000     32.000     17.000     25.000     23.000     19.000    105.000     90.000      0.000      0.000      0.000      1.000      4.000
   240.000     39.000     17.000     28.000     22.000     17.000    312.000    308.000      0.000      0.000      0.000      1.000      4.000
   255.000     12.000     17.000     22.000     13.000     19.000    173.000    138.000      0.000      0.000      0.000      1.000      4.000
   553.000     89.000     22.000     77.000     65.000     80.000    401.000    463.000      1.000      0.000      0.000      0.000      1.000
    26.000     60.000     63.000     28.000      4.000     22.000    232.000    269.000      0.000      0.325      0.000      0.675      4.000
   356.000     41.000     17.000     14.000     14.000     19.000    288.000     12.000      0.000      0.001      0.000      0.999      4.000
   228.000     36.000     17.000     21.000     23.000     19.000    241.000    269.000      0.000      0.000      0.000      1.000      4.000
   197.000     41.000     17.000     28.000     23.000     19.000    173.000    287.000      0.000      0.000      0.000      1.000      4.000
   429.000     66.000     17.000     61.000      1.000      5.000    238.000    286.000      0.000      0.931      0.000      0.069      2.000
   410.000     76.000      2.000     68.000     52.000     59.000     18.000    365.000      0.025      0.000      0.975      0.000      3.000
    20.000      3.000     17.000     31.000     16.000     16.000     25.000      4.000      0.000      0.000      0.000      1.000      4.000
   435.000      1.000     16.000     19.000     10.000     15.000     82.000     58.000      0.000      0.000      0.000      1.000      4.000
   274.000     41.000     17.000     28.000     23.000     19.000     71.000    123.000      0.000      0.000      0.000      1.000      4.000
   221.000     20.000     12.000      6.000     18.000     12.000    142.000     98.000      0.000      0.000      0.000      1.000      4.000
   309.000     55.000     17.000     39.000     29.000      4.000    328.000    379.000      0.000      0.001      0.002      0.997      4.000
   375.000     67.000     39.000     80.000     61.000     58.000    240.000    281.000      0.929      0.000      0.071      0.000      1.000
   395.000     62.000     14.000     21.000     12.000     14.000     88.000    142.000      0.000      0.011      0.000      0.989      4.000
   312.000     86.000     44.000     61.000     10.000      9.000    346.000    381.000      0.000      0.994      0.000      0.006      2.000
   512.000     51.000     28.000     68.000     45.000     67.000     37.000     55.000      0.098      0.000      0.902      0.000      3.000
    25.000     63.000     43.000     45.000      3.000     55.000    356.000    382.000      0.000      0.998      0.000      0.002      2.000
    64.000     53.000     22.000     50.000     44.000      6.000    291.000     15.000      0.000      0.000      0.021      0.979      4.000
   138.000     56.000     17.000     28.000     19.000     19.000    235.000     38.000      0.000      0.001      0.000      0.999      4.000
   440.000     51.000      9.000     68.000     10.000     75.000    134.000    272.000      0.000      1.000      0.000      0.000      2.000
   124.000      7.000      6.000     39.000     39.000      6.000    400.000    393.000      0.000      0.000      0.000      1.000      4.000
    59.000     25.000      6.000     15.000     15.000     19.000     97.000    120.000      0.000      0.000      0.000      1.000      4.000
   170.000     26.000     28.000     19.000     59.000      6.000    155.000    260.000      0.000      0.000      0.107      0.893      4.000
   439.000     53.000     24.000     44.000      1.000      7.000    188.000     41.000      0.000      0.381      0.000      0.619      4.000
   449.000     86.000     49.000     53.000     61.000     78.000    313.000    356.000      1.000      0.000      0.000      0.000      1.000
    65.000     17.000     17.000     12.000     23.000     17.000    224.000    143.000      0.000      0.000      0.000      1.000      4.000
   400.000     83.000     69.000     13.000     28.000     28.000     53.000    290.000      0.000      0.181      0.734      0.085      3.000
   281.000     26.000      2.000     15.000     10.000     12.000    171.000    221.000      0.000      0.000      0.000      1.000      4.000
   171.000     41.000     17.000     28.000     23.000     19.000     60.000    223.000      0.000      0.000      0.000      1.000      4.000
   445.000     81.000     27.000     60.000     39.000     59.000    103.000     48.000      0.017      0.001      0.983      0.000      3.000
   280.000     29.000     17.000     28.000     23.000     19.000    182.000    288.000      0.000      0.000      0.000      1.000      4.000
   107.000      5.000     14.000     50.000      4.000     24.000    101.000     53.000      0.000      0.001      0.000      0.999      4.000
   344.000     76.000      2.000     53.000     59.000     49.000    449.000    494.000      0.026      0.000      0.974      0.000      3.000
   465.000     52.000     64.000     42.000     59.000     32.000    367.000    389.000      0.015      0.000      0.985      0.000      3.000
   112.000      3.000     33.000     39.000     44.000     32.000    244.000    391.000      0.000      0.000      0.045      0.955      4.000
   294.000     17.000     17.000      7.000     45.000      3.000    374.000    395.000      0.000      0.000      0.000      1.000      4.000
   362.000      7.000      2.000     44.000     10.000     22.000    415.000    399.000      0.000      0.002      0.000      0.998      4.000
   161.000     25.000     12.000     28.000     21.000     19.000     46.000    310.000      0.000      0.000      0.000      1.000      4.000
   194.000     20.000     17.000     27.000     23.000     19.000    240.000    269.000      0.000      0.000      0.000      1.000      4.000
   162.000     53.000      2.000     52.000     10.000     12.000    234.000    289.000      0.000      0.017      0.000      0.983      4.000
    23.000     76.000     13.000      6.000     38.000      5.000     51.000     27.000      0.000      0.000      0.000      1.000      4.000
   196.000     36.000     22.000     15.000     16.000     16.000    121.000    109.000      0.000      0.000      0.000      1.000      4.000
   106.000      7.000     16.000     21.000     23.000     67.000     47.000    180.000      0.000      0.002      0.000      0.998      4.000
    28.000     17.000     22.000     40.000     35.000     19.000    145.000    137.000      0.000      0.000      0.000      1.000      4.000
   491.000     76.000     46.000     59.000     45.000      6.000    358.000    367.000      0.000      0.000      1.000      0.000      3.000
   409.000      3.000     17.000     15.000     10.000     10.000    186.000     79.000      0.000      0.000      0.000      1.000      4.000
   160.000     40.000     11.000     28.000     23.000     19.000    241.000    279.000      0.000      0.000      0.000      1.000      4.000
    43.000     53.000      4.000     15.000     16.000     19.000    228.000    289.000      0.000      0.000      0.000      1.000      4.000
   122.000      1.000     17.000     25.000     16.000     17.000    127.000    259.000      0.000      0.000      0.000      1.000      4.000
   146.000     36.000     17.000     28.000     23.000     19.000    169.000    253.000      0.000      0.000      0.000      1.000      4.000
   227.000     41.000     17.000     28.000     23.000     19.000     98.000     43.000      0.000      0.000      0.000      1.000      4.000
   218.000     39.000     12.000     14.000     23.000     19.000    241.000    272.000      0.000      0.000      0.000      1.000      4.000
   539.000     68.000     62.000     49.000     52.000     67.000    150.000    116.000      0.933      0.000      0.067      0.000      1.000
   321.000      8.000     17.000     15.000      1.000     18.000    349.000    357.000      0.000      0.000      0.000      1.000      4.000
   190.000     32.000     17.000     28.000     23.000     19.000    208.000    265.000      0.000      0.000      0.000      1.000      4.000
